0.000621
0.001203
0.002185
0.003957
0.004598
0.005293
0.006395
0.006760
0.007755
0.008417
0.009046
0.009706
0.010361
0.010814
0.011728
0.012381
0.013023
0.013662
0.014318
0.015284
0.016266
0.016956
0.017622
0.018278
0.018934
0.019308
0.020250
0.021056
0.021750
0.022457
0.023105
0.023685
0.023986
0.025728
0.026430
0.026809
0.027713
0.028358
0.029065
0.029703
0.030370
0.031155
0.031795
0.032475
0.033099
0.033748
0.034473
0.034851
0.035841
0.036498
0.037152
0.038277
0.038923
0.039574
0.040275
0.040946
0.041589
0.042350
0.043029
0.043373
0.044291
0.045038
0.045689
0.046459
0.047116
0.047764
0.048393
0.049037
0.049656
0.050336
0.051021
0.051365
0.051998
0.052982
0.053629
0.053978
0.054942
0.055305
0.056033
0.056999
0.057707
0.058048
0.058998
0.059668
0.060295
0.060939
0.061603
0.061961
0.062927
0.063278
0.064199
0.064830
0.065476
0.065825
0.067421
0.068048
0.068678
0.069314
0.069663
0.070204
0.070841
0.071903
0.072527
0.073145
0.073786
0.074486
0.074847
0.075754
0.076420
0.077052
0.077712
0.078502
0.079167
0.079850
0.080470
0.081112
0.081758
0.082422
0.082774
0.083696
0.084381
0.085043
0.085688
0.086071
0.086742
0.087646
0.088295
0.088930
0.089593
0.090253
0.090897
0.091534
0.092152
0.092908
0.093556
0.094226
0.094555
0.095520
0.096179
0.096814
0.097476
0.098140
0.098505
0.099450
0.100096
0.100755
0.101434
0.102178
0.102249
0.103474
0.104129
0.104757
0.105417
0.106100
0.106449
0.107406
0.108125
0.108771
0.109412
0.110097
0.110451
0.111398
0.112055
0.112703
0.113347
0.114020
0.114383
0.115316
0.115963
0.116597
0.117355
0.118018
0.118921
0.119596
0.120234
0.120880
0.121504
0.122200
0.122847
0.123490
0.124126
0.124750
0.125417
0.126088
0.126464
0.127417
0.128046
0.128667
0.129345
0.130007
0.130626
0.131279
0.131899
0.132584
0.133222
0.134122
0.134472
0.135409
0.136088
0.136418
0.137430
0.138134
0.138494
0.139437
0.140074
0.140708
0.141374
0.142038
0.142392
0.143333
0.143970
0.144629
0.145311
0.145994
0.146359
0.146985
0.147974
0.148620
0.149258
0.149942
0.150627
0.151284
0.151967
0.152601
0.153246
0.153933
0.154302
0.155041
0.155985
0.156725
0.157365
0.158034
0.158446
0.159402
0.160041
0.160676
0.161320
0.161969
0.162205
0.163357
0.163989
0.164632
0.165300
0.165964
0.166653
0.167361
0.168007
0.168651
0.169308
0.170012
0.170763
0.171420
0.172063
0.172720
0.173360
0.174049
0.174407
0.175369
0.176005
0.176664
0.177329
0.177991
0.178344
0.179393
0.180111
0.180749
0.181409
0.182080
0.182432
0.183362
0.183751
0.184729
0.185386
0.186056
0.186422
0.187374
0.188010
0.188643
0.189318
0.189976
0.190338
0.191289
0.191944
0.192308
0.193321
0.194006
0.194646
0.195296
0.195964
0.196626
0.197291
0.197950
0.198599
0.199268
0.199891
0.200562
0.201279
0.201978
0.202340
0.203291
0.203938
0.204575
0.205217
0.205886
0.206532
0.206881
0.207821
0.208503
0.209160
0.209824
0.210497
0.210882
0.211838
0.212466
0.213114
0.213760
0.214420
0.214783
0.215719
0.216374
0.217022
0.217358
0.218270
0.218758
0.219677
0.220343
0.220996
0.221646
0.222305
0.222682
0.223606
0.224239
0.224898
0.225543
0.226210
0.226866
0.227524
0.228161
0.228806
0.229470
0.230127
0.230494
0.231445
0.232087
0.232417
0.233393
0.234060
0.234423
0.235357
0.235693
0.236644
0.237292
0.237965
0.238334
0.239278
0.239914
0.240561
0.241230
0.241884
0.242536
0.243200
0.243842
0.244493
0.245155
0.245825
0.246490
0.247151
0.247792
0.248457
0.249135
0.249792
0.250463
0.251138
0.251773
0.252431
0.253106
0.253745
0.254426
0.255182
0.255861
0.256510
0.257165
0.257827
0.258199
0.259216
0.259857
0.260537
0.261184
0.261844
0.262531
0.263206
0.263832
0.264498
0.265164
0.265825
0.266498
0.267172
0.267823
0.268472
0.269116
0.269817
0.270541
0.271203
0.271819
0.272471
0.273108
0.273735
0.274402
0.274764
0.275701
0.276349
0.276981
0.277650
0.278311
0.278364
0.279633
0.280350
0.280984
0.281638
0.282308
0.282966
0.283604
0.284305
0.284956
0.285282
0.286113
0.286919
0.287557
0.288186
0.288809
0.289465
0.290128
0.290474
0.291426
0.292042
0.292654
0.293284
0.293937
0.294511
0.295267
0.296003
0.296641
0.297300
0.297956
0.298630
0.299271
0.299962
0.300620
0.301374
0.302055
0.302404
0.303329
0.303938
0.304561
0.305196
0.305847
0.306230
0.306893
0.307801
0.308435
0.309067
0.309711
0.310430
0.310797
0.311738
0.312417
0.313048
0.313732
0.314377
0.315025
0.315660
0.316277
0.316622
0.317589
0.318324
0.319010
0.319689
0.320330
0.320960
0.321681
0.322350
0.322706
0.323332
0.324273
0.324907
0.325565
0.326237
0.326892
0.327523
0.328146
0.328812
0.329484
0.330117
0.330879
0.331573
0.332221
0.332850
0.333493
0.334224
0.334287
0.335587
0.336240
0.336856
0.337492
0.338157
0.338497
0.339447
0.340069
0.340696
0.341360
0.342011
0.342367
0.343302
0.343963
0.344578
0.345208
0.345872
0.346257
0.346895
0.347803
0.348575
0.349249
0.349915
0.350600
0.351283
0.351907
0.352555
0.353207
0.353857
0.354501
0.355262
0.355900
0.356555
0.357205
0.357865
0.358510
0.359213
0.359848
0.360496
0.361144
0.361783
0.362453
0.363129
0.363762
0.364406
0.365052
0.365718
0.366379
0.366739
0.367386
0.368329
0.368949
0.369622
0.370307
0.370669
0.371626
0.372268
0.372885
0.373526
0.374209
0.374534
0.375469
0.376091
0.376737
0.377377
0.378047
0.378404
0.379367
0.379990
0.380689
0.381389
0.382051
0.382398
0.383341
0.383695
0.384068
0.385317
0.385980
0.386348
0.387290
0.387958
0.388608
0.389258
0.389908
0.390291
0.390928
0.391860
0.392498
0.393134
0.393787
0.394167
0.394837
0.395779
0.396397
0.397022
0.397674
0.398306
0.398947
0.399575
0.400218
0.400889
0.401559
0.402224
0.402863
0.403485
0.404102
0.404747
0.405360
0.406005
0.406389
0.407037
0.407958
0.408583
0.409243
0.409913
0.410290
0.410917
0.411880
0.412549
0.413188
0.413856
0.414528
0.415169
0.415817
0.416478
0.417096
0.417437
0.418252
0.418884
0.419645
0.420260
0.420912
0.421568
0.422207
0.422841
0.423477
0.424090
0.424701
0.425358
0.425740
0.426110
0.427332
0.427985
0.428635
0.429340
0.430022
0.430717
0.431394
0.432034
0.432695
0.433365
0.433825
0.434641
0.435446
0.436077
0.436702
0.437371
0.438070
0.438418
0.439327
0.439951
0.440591
0.441224
0.441842
0.442508
0.442860
0.443755
0.444403
0.445021
0.445653
0.446391
0.446799
0.447684
0.448343
0.448969
0.449643
0.450320
0.450973
0.451688
0.452353
0.453004
0.453653
0.454320
0.454678
0.455505
0.456383
0.457035
0.457662
0.458337
0.458759
0.459688
0.460354
0.460983
0.461621
0.462282
0.462933
0.463570
0.464220
0.464853
0.465521
0.466220
0.466873
0.467500
0.468125
0.468759
0.469411
0.470077
0.470435
0.471360
0.471969
0.472606
0.473252
0.473899
0.474275
0.475230
0.475828
0.476473
0.477090
0.477736
0.478401
0.478752
0.479656
0.480422
0.481049
0.481710
0.482384
0.482721
0.483344
0.484282
0.484900
0.485533
0.486206
0.486542
0.487473
0.488098
0.488713
0.489372
0.490018
0.490376
0.491325
0.491945
0.492562
0.493191
0.493826
0.494486
0.494842
0.495743
0.496409
0.497025
0.497668
0.498043
0.498689
0.499601
0.500257
0.500863
0.501528
0.502197
0.502530
0.503478
0.504102
0.504712
0.505362
0.506010
0.506378
0.507293
0.507901
0.508566
0.509206
0.509856
0.510521
0.511177
0.512177
0.512843
0.513482
0.514125
0.514788
0.515116
0.516068
0.516414
0.516752
0.518022
0.518440
0.519356
0.519990
0.520604
0.521224
0.521878
0.522249
0.522879
0.523766
0.524408
0.525078
0.525733
0.526373
0.527015
0.527634
0.528264
0.528905
0.529569
0.530184
0.530919
0.531550
0.532165
0.532795
0.533115
0.533898
0.534276
0.535082
0.536032
0.536653
0.537274
0.537953
0.538321
0.538954
0.539885
0.540534
0.541162
0.541814
0.542455
0.543157
0.543803
0.544440
0.545070
0.545723
0.546422
0.547079
0.547741
0.548342
0.548964
0.549612
0.550274
0.550941
0.551614
0.552258
0.553055
0.553692
0.554135
0.554474
0.554788
0.555115
0.555423
0.555777
0.556127
0.556306
0.556826
0.559725
0.560362
0.561007
0.562230
0.562943
0.563593
0.564275
0.564932
0.565587
0.566252
0.566599
0.567555
0.568215
0.568874
0.569554
0.570299
0.570354
0.571614
0.572262
0.572865
0.573522
0.574220
0.574567
0.575518
0.576164
0.576770
0.577412
0.578076
0.578436
0.579369
0.580084
0.581051
0.581740
0.582101
0.583019
0.583660
0.584313
0.584948
0.585671
0.586344
0.586990
0.587330
0.588279
0.588614
0.589564
0.590219
0.590890
0.591546
0.592173
0.592806
0.593448
0.594105
0.594451
0.595392
0.596009
0.596661
0.597341
0.597993
0.598371
0.598991
0.599934
0.600570
0.601190
0.601893
0.602534
0.603210
0.603822
0.604473
0.605112
0.605745
0.606424
0.606783
0.607709
0.608076
0.609007
0.609673
0.610355
0.610404
0.611632
0.612275
0.612916
0.613584
0.614267
0.614326
0.615312
0.616210
0.616851
0.617497
0.618168
0.618240
0.619475
0.620127
0.620742
0.621397
0.622058
0.622675
0.623332
0.623947
0.624586
0.625233
0.625887
0.626530
0.627180
0.627797
0.628444
0.629049
0.629712
0.630399
0.630815
0.631719
0.632056
0.632998
0.633658
0.634313
0.634961
0.635611
0.636234
0.636873
0.637522
0.638170
0.638808
0.639454
0.640087
0.640741
0.641386
0.642046
0.642410
0.643373
0.644008
0.644696
0.645359
0.646011
0.646383
0.647354
0.647992
0.648620
0.649258
0.649973
0.650348
0.651266
0.651909
0.652533
0.653163
0.653818
0.654476
0.654829
0.655722
0.656435
0.657066
0.657696
0.658352
0.659043
0.659670
0.660295
0.660944
0.661634
0.662292
0.662961
0.663604
0.664227
0.664867
0.665516
0.665839
0.666658
0.667264
0.668060
0.668688
0.669305
0.669988
0.670344
0.671006
0.671939
0.672595
0.673232
0.673888
0.674545
0.675197
0.676980
0.677626
0.678254
0.678900
0.679529
0.680149
0.680549
0.680869
0.682096
0.682819
0.683473
0.684132
0.684804
0.685453
0.686110
0.686816
0.687454
0.687793
0.688777
0.689416
0.690082
0.690809
0.691455
0.692165
0.692840
0.693172
0.694116
0.694807
0.695486
0.696206
0.696851
0.697506
0.699912
0.700559
0.701864
0.702521
0.703194
0.703810
0.704473
0.705121
0.705870
0.706541
0.707221
0.707873
0.708511
0.709149
0.709807
0.710492
0.710830
0.711478
0.712434
0.713091
0.713716
0.714420
0.715086
0.715713
0.716365
0.717005
0.717652
0.718324
0.718376
0.719640
0.720281
0.720610
0.721573
0.722281
0.722338
0.723616
0.724281
0.724892
0.725568
0.726272
0.726330
0.727558
0.728205
0.728506
0.729468
0.730137
0.730213
0.731429
0.732066
0.732715
0.733384
0.734058
0.734689
0.735364
0.735997
0.736639
0.736999
0.737361
0.738471
0.739271
0.739912
0.740560
0.741268
0.741917
0.742586
0.743279
0.743913
0.744574
0.745224
0.745891
0.746576
0.747256
0.747880
0.748544
0.749186
0.749849
0.750493
0.751152
0.751793
0.752450
0.753164
0.753806
0.754491
0.755148
0.755846
0.756529
0.757182
0.757821
0.758482
0.759142
0.759799
0.760437
0.761077
0.761737
0.762380
0.762741
0.763722
0.764386
0.765021
0.765670
0.766348
0.766396
0.767632
0.767992
0.768348
0.769571
0.770238
0.770301
0.771533
0.772181
0.772848
0.773534
0.774216
0.774282
0.775507
0.776161
0.776796
0.777439
0.778121
0.778440
0.779413
0.780045
0.780682
0.781332
0.781971
0.782628
0.783301
0.783924
0.784580
0.785326
0.785975
0.786618
0.787270
0.787596
0.788563
0.789210
0.789876
0.790517
0.791163
0.791779
0.792446
0.793067
0.793715
0.794382
0.794745
0.795650
0.796363
0.796993
0.797655
0.798336
0.798710
0.799641
0.800271
0.800895
0.801540
0.802187
0.802843
0.803498
0.804141
0.804803
0.805437
0.806110
0.806460
0.807413
0.808059
0.808717
0.809399
0.810039
0.810700
0.811351
0.812011
0.812666
0.813326
0.813995
0.814378
0.815044
0.816002
0.816635
0.817271
0.817942
0.818091
0.818736
0.819888
0.820544
0.821177
0.821851
0.822422
0.823249
0.823915
0.824566
0.825209
0.826042
0.826709
0.827344
0.828009
0.828642
0.829348
0.830178
0.830855
0.831188
0.832134
0.832798
0.833446
0.834086
0.834781
0.835130
0.836113
0.836787
0.837465
0.838124
0.838789
0.839132
0.840184
0.840858
0.841506
0.842174
0.842906
0.843559
0.844248
0.844927
0.845580
0.845937
0.846918
0.847582
0.848228
0.848871
0.849540
0.849900
0.850855
0.850894
0.852189
0.852847
0.853493
0.854174
0.854859
0.855275
0.856206
0.856895
0.857545
0.857934
0.858887
0.859267
0.860227
0.860873
0.861527
0.861882
0.862832
0.863195
0.864142
0.864795
0.865438
0.866094
0.866769
0.867116
0.868036
0.868692
0.869022
0.869983
0.870656
0.871296
0.871946
0.872580
0.873269
0.873949
0.874616
0.875253
0.875921
0.876565
0.876898
0.877722
0.878083
0.879170
0.879820
0.880468
0.881181
0.881844
0.882194
0.883149
0.883808
0.884439
0.885108
0.885843
0.886210
0.887135
0.887804
0.888430
0.889076
0.889744
0.890104
0.891046
0.891694
0.892340
0.892991
0.893667
0.894303
0.894980
0.895636
0.896300
0.896950
0.897611
0.898262
0.898918
0.899576
0.900218
0.900857
0.901514
0.902156
0.902833
0.903477
0.904127
0.904773
0.905409
0.906057
0.906756
0.907099
0.908041
0.908687
0.909332
0.909994
0.910348
0.911006
0.911951
0.912597
0.913244
0.913909
0.914286
0.914938
0.915893
0.916526
0.917164
0.917850
0.918045
0.918684
0.919800
0.920483
0.921124
0.921785
0.922161
0.922814
0.923762
0.924442
0.925094
0.925753
0.926409
0.927052
0.927710
0.928395
0.928746
0.929101
0.930192
0.931041
0.931693
0.932337
0.932990
0.933654
0.934306
0.934991
0.935629
0.936269
0.936911
0.937565
0.938200
0.938856
0.939532
0.940221
0.940926
0.941589
0.942248
0.942924
0.943596
0.944260
0.944921
0.945578
0.946245
0.946923
0.947558
0.948182
0.948819
0.949466
0.950097
0.950763
0.951108
0.952034
0.952685
0.953306
0.954007
0.954690
0.955217
0.956035
0.956753
0.957389
0.958027
0.958706
0.959415
0.960062
0.960722
0.961390
0.962135
0.962812
0.963148
0.964086
0.964756
0.965397
0.966062
0.966729
0.967072
0.968013
0.968377
0.969368
0.970012
0.970685
0.971031
0.971954
0.972591
0.973308
0.973984
0.974355
0.975009
0.975666
0.976792
0.977418
0.978073
0.978740
0.979351
0.979998
0.980625
0.981274
0.981913
0.982579
0.982920
0.983904
0.984246
0.985233
0.985603
0.986583
0.987218
0.987871
0.988494
0.989124
0.989785
0.990183
0.991147
0.991804
0.992422
0.993109
0.993763
0.994107
0.995057
0.995745
0.996363
0.997017
0.997651
0.997997
0.998941
0.999290
1.000183
1.000800
1.001452
1.001802
1.002710
1.003345
1.004000
1.004610
1.006199
1.007142
1.007772
1.008369
1.009003
1.009662
1.009999
1.011666
1.012053
1.013043
1.013732
1.014349
1.015018
1.015691
1.015980
1.017018
1.017710
1.018333
1.018976
1.019645
1.020272
1.020928
1.021884
1.022574
1.023243
1.023898
1.024284
1.025422
1.026071
1.026707
1.027369
1.028033
1.028358
1.029324
1.029958
1.030711
1.031456
1.032233
1.033032
1.033691
1.034297
1.034969
1.035360
1.036323
1.036999
1.037680
1.038316
1.038974
1.039344
1.040305
1.040972
1.041610
1.042256
1.042921
1.043579
1.044230
1.044898
1.045249
1.046242
1.046890
1.047342
1.048143
1.048828
1.049168
1.050113
1.050912
1.051659
1.052320
1.053166
1.053790
1.054461
1.055225
1.055900
1.056607
1.057276
1.057920
1.058577
1.059217
1.059919
1.060572
1.061223
1.061872
1.062512
1.063198
1.063870
1.064506
1.065175
1.065828
1.066475
1.067140
1.067822
1.068467
1.069115
1.069779
1.070434
1.071085
1.071426
1.072354
1.072998
1.073655
1.074014
1.074995
1.075374
1.076342
1.076990
1.077637
1.078295
1.078950
1.079601
1.080278
1.080646
1.081388
1.082146
1.083007
1.083641
1.084255
1.084899
1.085536
1.086250
1.086898
1.087549
1.088176
1.088808
1.089450
1.090155
1.090854
1.091523
1.092163
1.092816
1.093454
1.094100
1.094797
1.095433
1.096092
1.096749
1.097492
1.098145
1.098811
1.099139
1.100119
1.100749
1.101380
1.102053
1.102463
1.103423
1.104061
1.104731
1.105368
1.106025
1.106385
1.107026
1.107666
1.108599
1.109247
1.109915
1.110289
1.111074
1.111848
1.112493
1.113110
1.113777
1.114477
1.115141
1.115788
1.116437
1.117075
1.117722
1.118398
1.119040
1.119413
1.120380
1.121026
1.121716
1.122379
1.122731
1.123666
1.124309
1.124913
1.125564
1.126258
1.126318
1.127521
1.128191
1.128812
1.129470
1.130160
1.130512
1.131484
1.132124
1.132762
1.133397
1.134059
1.134420
1.135345
1.135953
1.136603
1.137238
1.137892
1.138544
1.139203
1.139821
1.140468
1.141099
1.141752
1.142419
1.142766
1.143680
1.144318
1.144934
1.145558
1.146249
1.146311
1.147527
1.148238
1.148863
1.149512
1.150322
1.150695
1.151631
1.152283
1.152906
1.153569
1.154297
1.154659
1.155566
1.156217
1.156848
1.157493
1.158156
1.158513
1.159464
1.160111
1.160815
1.161153
1.161978
1.162618
1.163427
1.164060
1.164701
1.165359
1.166023
1.166387
1.167322
1.167976
1.168622
1.169254
1.169919
1.170573
1.170923
1.171844
1.172496
1.173120
1.173763
1.174434
1.175091
1.175722
1.176358
1.176995
1.177640
1.178277
1.178923
1.179576
1.180213
1.180554
1.181582
1.182235
1.182898
1.183532
1.184170
1.184822
1.185452
1.186086
1.186761
1.187098
1.188028
1.188705
1.189318
1.189986
1.190656
1.191008
1.191954
1.192579
1.193209
1.193929
1.194306
1.194960
1.195902
1.196521
1.197194
1.197843
1.198241
1.198901
1.199814
1.200433
1.201099
1.201747
1.202103
1.203074
1.203719
1.204352
1.205014
1.205681
1.206328
1.206983
1.207672
1.208314
1.208971
1.209630
1.209997
1.210983
1.211636
1.212274
1.212924
1.213588
1.214221
1.214911
1.215273
1.216211
1.216869
1.217512
1.218170
1.218665
1.219590
1.220228
1.220890
1.221538
1.222201
1.222857
1.223493
1.224132
1.224781
1.225445
1.226082
1.226825
1.227162
1.228104
1.228799
1.229450
1.230093
1.230763
1.231089
1.232172
1.232822
1.233463
1.234129
1.234791
1.235168
1.236174
1.236851
1.237473
1.238098
1.238800
1.239143
1.240115
1.240774
1.241424
1.242059
1.242718
1.243072
1.243990
1.244606
1.245245
1.245898
1.246538
1.247162
1.247815
1.248544
1.249172
1.249843
1.250514
1.251235
1.251897
1.252547
1.253190
1.253837
1.254485
1.255142
1.255481
1.256433
1.257100
1.257784
1.258125
1.259066
1.259116
1.259751
1.261003
1.261696
1.262359
1.263014
1.263358
1.264287
1.264957
1.265590
1.265938
1.266909
1.267259
1.268182
1.268817
1.269469
1.269822
1.270757
1.271405
1.272055
1.272703
1.273357
1.273993
1.274642
1.275275
1.275912
1.276557
1.277201
1.277835
1.278489
1.279148
1.279506
1.280465
1.280884
1.281239
1.282451
1.283114
1.283468
1.284389
1.285032
1.285672
1.286324
1.286957
1.287608
1.288290
1.288913
1.289586
1.290240
1.290881
1.291533
1.292175
1.292832
1.293468
1.294093
1.294748
1.295413
1.295756
1.296670
1.297336
1.297655
1.298596
1.299291
1.299641
1.300582
1.301249
1.301578
1.302521
1.303165
1.303520
1.304454
1.305084
1.305438
1.306374
1.307054
1.307683
1.308328
1.308985
1.309302
1.310251
1.310886
1.311563
1.311911
1.312835
1.313494
1.314151
1.314782
1.315442
1.315825
1.316764
1.317407
1.318071
1.318710
1.319358
1.320025
1.320704
1.321329
1.322001
1.322631
1.323367
1.324008
