0.000951
0.001885
0.002685
0.003446
0.004202
0.004930
0.005355
0.006449
0.007211
0.007690
0.008778
0.009549
0.009915
0.011006
0.011770
0.012521
0.013240
0.013997
0.014680
0.015563
0.016308
0.017045
0.017527
0.018576
0.019314
0.019716
0.020880
0.021654
0.022390
0.023146
0.023542
0.024695
0.025445
0.026195
0.026570
0.027357
0.028542
0.029306
0.030027
0.030793
0.031512
0.032342
0.033087
0.033845
0.034645
0.035395
0.035801
0.036869
0.037641
0.038018
0.039073
0.039470
0.040504
0.041322
0.042092
0.042819
0.043545
0.044271
0.045066
0.045820
0.046242
0.047356
0.047778
0.048999
0.049892
0.050619
0.051366
0.051747
0.052827
0.053570
0.053982
0.055076
0.055496
0.056559
0.057293
0.057694
0.058766
0.059529
0.059910
0.060970
0.061805
0.062545
0.063300
0.063697
0.064811
0.065589
0.065989
0.067129
0.067587
0.068676
0.069436
0.069831
0.070926
0.071683
0.072424
0.073165
0.073902
0.074667
0.075413
0.075808
0.076874
0.077634
0.078031
0.079150
0.079881
0.080628
0.081349
0.081772
0.082860
0.083622
0.084434
0.085174
0.085909
0.086662
0.087418
0.087817
0.088899
0.089676
0.090426
0.091159
0.091574
0.092653
0.093402
0.093786
0.094853
0.095647
0.096399
0.097113
0.097512
0.098603
0.099377
0.099774
0.100846
0.101589
0.102322
0.103054
0.103809
0.104548
0.105285
0.105682
0.106758
0.107489
0.107895
0.108978
0.109721
0.110427
0.111177
0.112004
0.112763
0.113496
0.114259
0.114986
0.115779
0.116170
0.117266
0.117655
0.118730
0.119477
0.119887
0.120992
0.121405
0.122471
0.123226
0.123987
0.124740
0.125538
0.126287
0.127026
0.127497
0.128602
0.129376
0.130143
0.130870
0.131643
0.132040
0.133142
0.133574
0.134657
0.135437
0.135839
0.136933
0.137684
0.138406
0.139159
0.139884
0.140627
0.141353
0.141759
0.142848
0.143603
0.144010
0.145096
0.145906
0.146635
0.147058
0.148138
0.149053
0.149452
0.150539
0.151271
0.152101
0.152859
0.153270
0.154360
0.155119
0.155854
0.156275
0.157335
0.158085
0.158797
0.159555
0.160287
0.161046
0.161438
0.162591
0.163330
0.164095
0.165130
0.165899
0.166681
0.167416
0.168155
0.168571
0.169644
0.170352
0.171087
0.171829
0.172606
0.173028
0.174080
0.174814
0.175203
0.176063
0.177067
0.177856
0.178604
0.179385
0.180175
0.180922
0.181732
0.182462
0.183214
0.184024
0.184441
0.185192
0.186254
0.186996
0.187755
0.188179
0.189323
0.190083
0.190858
0.191590
0.191999
0.193108
0.193510
0.194561
0.195341
0.196133
0.196918
0.197311
0.198446
0.199254
0.200016
0.200414
0.201498
0.202237
0.202983
0.203723
0.204131
0.205239
0.205618
0.206324
0.207414
0.208146
0.208887
0.209278
0.210338
0.211049
0.211790
0.212203
0.213378
0.214144
0.214844
0.215607
0.216036
0.217139
0.217533
0.218590
0.219326
0.220062
0.220804
0.221538
0.222275
0.223006
0.223773
0.224166
0.225280
0.225733
0.226844
0.227364
0.227804
0.228196
0.228261
0.228970
0.231424
0.231809
0.232877
0.233649
0.234050
0.235113
0.235524
0.236576
0.237327
0.237723
0.238791
0.239530
0.239896
0.240974
0.241744
0.242127
0.243193
0.243585
0.244654
0.245398
0.246148
0.246891
0.247630
0.248432
0.249217
0.249956
0.250700
0.251431
0.251815
0.252905
0.253699
0.254091
0.255190
0.255598
0.256471
0.257402
0.257820
0.258904
0.259624
0.260357
0.261077
0.261995
0.262735
0.263466
0.264194
0.264939
0.265669
0.266084
0.267204
0.267639
0.268723
0.269477
0.270224
0.270982
0.271374
0.272431
0.273193
0.273949
0.274686
0.275424
0.276160
0.276893
0.277632
0.278400
0.279149
0.279539
0.280597
0.281342
0.282102
0.282879
0.283271
0.284353
0.285090
0.285832
0.286598
0.287331
0.288101
0.288804
0.289580
0.290319
0.291095
0.291820
0.292554
0.293283
0.294041
0.294801
0.295200
0.296298
0.297034
0.297433
0.298344
0.298963
0.300063
0.300783
0.301515
0.302090
0.303286
0.304021
0.304739
0.305466
0.306224
0.306967
0.307344
0.308435
0.309178
0.309919
0.310339
0.311071
0.312213
0.312954
0.313703
0.314467
0.315217
0.315960
0.316700
0.317435
0.318190
0.318609
0.319730
0.320477
0.321213
0.321965
0.322721
0.323111
0.324170
0.324956
0.325680
0.326457
0.327193
0.328069
0.328838
0.329635
0.330381
0.331142
0.331870
0.332646
0.333471
0.334283
0.334363
0.335776
0.336515
0.337242
0.338012
0.338832
0.339578
0.340283
0.341028
0.341754
0.342531
0.342580
0.343984
0.344771
0.345523
0.346269
0.347723
0.348992
0.349753
0.350492
0.351251
0.351655
0.352731
0.353483
0.353873
0.354668
0.355762
0.356489
0.356881
0.357648
0.358757
0.359495
0.359868
0.361002
0.361777
0.362515
0.363310
0.363695
0.364775
0.365526
0.365934
0.367046
0.367488
0.368587
0.369344
0.369754
0.370813
0.371572
0.372286
0.373017
0.373784
0.374183
0.375255
0.375649
0.376713
0.377456
0.377871
0.378606
0.379540
0.380474
0.381224
0.381961
0.382729
0.383498
0.384242
0.384981
0.385732
0.386135
0.387197
0.387600
0.388653
0.389429
0.390162
0.390913
0.391292
0.392382
0.393112
0.393857
0.394273
0.395008
0.396246
0.396999
0.397379
0.398350
0.399271
0.400019
0.400748
0.401491
0.402249
0.403009
0.403381
0.404490
0.405226
0.405968
0.406381
0.407101
0.408205
0.408937
0.409693
0.410446
0.411228
0.411966
0.412728
0.413446
0.414212
0.414616
0.415322
0.416437
0.417187
0.417953
0.418392
0.419118
0.420187
0.420940
0.421661
0.422423
0.422485
0.423914
0.424693
0.425425
0.426171
0.426598
0.427664
0.428403
0.429150
0.429966
0.430714
0.431107
0.432171
0.432966
0.433720
0.434510
0.434561
0.435968
0.436700
0.437453
0.438181
0.438614
0.439700
0.440454
0.441170
0.441936
0.442683
0.443440
0.444155
0.444926
0.445670
0.446450
0.446509
0.447980
0.448726
0.449494
0.450275
0.450356
0.451822
0.452556
0.453289
0.454147
0.454569
0.455653
0.456397
0.457124
0.457886
0.458664
0.459062
0.460148
0.460911
0.461649
0.462435
0.462496
0.463932
0.464675
0.465430
0.466178
0.466939
0.467685
0.468502
0.469216
0.469984
0.470751
0.471508
0.472207
0.472982
0.473734
0.474506
0.474559
0.475986
0.476763
0.477509
0.478349
0.479115
0.479871
0.480621
0.481362
0.482111
0.482893
0.483709
0.484458
0.485182
0.486018
0.486762
0.487530
0.488252
0.489041
0.489780
0.490555
0.490601
0.492033
0.492764
0.493531
0.494274
0.494354
0.495811
0.496265
0.496670
0.498299
0.498484
0.499828
0.500621
0.501361
0.502134
0.502549
0.503271
0.504366
0.505109
0.505864
0.506247
0.507116
0.507925
0.508561
0.509678
0.510422
0.510846
0.511989
0.512748
0.513475
0.514252
0.514654
0.515742
0.516480
0.517292
0.518042
0.518483
0.519618
0.520357
0.521097
0.521868
0.522622
0.523042
0.524114
0.524907
0.525630
0.526020
0.526541
0.527856
0.528587
0.529322
0.530140
0.530558
0.531629
0.532351
0.533095
0.533872
0.534638
0.535016
0.536119
0.536849
0.537591
0.538346
0.538418
0.539835
0.540579
0.541280
0.542036
0.542795
0.543549
0.544260
0.545016
0.545759
0.546526
0.546917
0.548068
0.548826
0.549574
0.550350
0.550422
0.551817
0.552546
0.553248
0.554036
0.554800
0.555554
0.556260
0.556997
0.557721
0.558498
0.558551
0.559929
0.560668
0.561365
0.562132
0.562856
0.563632
0.564313
0.565040
0.565758
0.566528
0.566577
0.567992
0.568722
0.569431
0.570191
0.570282
0.571675
0.572396
0.573103
0.573837
0.574601
0.574641
0.576031
0.576768
0.577469
0.578229
0.578316
0.579743
0.580463
0.581166
0.581918
0.582682
0.582712
0.584123
0.584853
0.585584
0.586324
0.586398
0.587803
0.588560
0.589252
0.590008
0.590760
0.591485
0.592194
0.592902
0.593626
0.594365
0.594435
0.595849
0.596655
0.597375
0.598143
0.598881
0.599646
0.600364
0.601088
0.601819
0.602600
0.603006
0.604106
0.604830
0.605557
0.606366
0.606436
0.607828
0.608569
0.609262
0.610015
0.610762
0.611542
0.612267
0.612991
0.613729
0.614498
0.614551
0.615960
0.616716
0.617482
0.618247
0.619017
0.619771
0.620520
0.621233
0.621971
0.622732
0.623114
0.624208
0.624593
0.625399
0.626484
0.626538
0.627934
0.628731
0.629471
0.630266
0.630699
0.631815
0.632550
0.633281
0.634142
0.634900
0.635638
0.636382
0.637122
0.637878
0.638687
0.639091
0.640155
0.640895
0.641615
0.642363
0.642432
0.643151
0.644573
0.645304
0.646192
0.646594
0.647692
0.648411
0.649150
0.649877
0.650752
0.651161
0.652230
0.652965
0.653710
0.654462
0.654895
0.655979
0.656731
0.657453
0.658235
0.658637
0.659705
0.660095
0.661193
0.661908
0.662692
0.663083
0.664155
0.664879
0.665607
0.666354
0.666424
0.667848
0.668604
0.669353
0.670078
0.670515
0.671242
0.672301
0.672999
0.673741
0.674152
0.674966
0.675954
0.676696
0.677433
0.678223
0.678619
0.679705
0.680462
0.681198
0.681923
0.682675
0.683070
0.684123
0.684839
0.685575
0.686335
0.686730
0.687785
0.688518
0.689281
0.690037
0.690466
0.691172
0.692250
0.692983
0.693753
0.694219
0.695194
0.696290
0.697041
0.697797
0.698241
0.698995
0.700075
0.700792
0.701530
0.702302
0.703060
0.703421
0.704491
0.705227
0.706097
0.707130
0.707544
0.708601
0.709351
0.710058
0.710841
0.711560
0.712292
0.713010
0.713760
0.714159
0.715233
0.715620
0.716684
0.717409
0.718133
0.718934
0.719701
0.720435
0.721185
0.721932
0.722689
0.723437
0.723823
0.724894
0.725656
0.726466
0.727203
0.727620
0.728683
0.729484
0.729918
0.730993
0.731727
0.732455
0.733196
0.733938
0.734680
0.735445
0.735816
0.736878
0.737631
0.738006
0.739080
0.739491
0.740563
0.741287
0.742014
0.742756
0.743492
0.743866
0.745015
0.745770
0.746504
0.747233
0.747636
0.748710
0.749437
0.749829
0.750910
0.751659
0.752373
0.753086
0.753894
0.754653
0.755412
0.755792
0.756555
0.757604
0.757998
0.759071
0.759826
0.760535
0.761276
0.761995
0.762727
0.763492
0.763880
0.764966
0.765728
0.766503
0.767265
0.768036
0.768808
0.769579
0.769960
0.771024
0.771759
0.772463
0.773193
0.773570
0.774712
0.775434
0.775813
0.776897
0.777651
0.778383
0.779157
0.779547
0.780694
0.781456
0.782187
0.782948
0.783756
0.784508
0.785265
0.785998
0.786718
0.787470
0.788233
0.788960
0.789730
0.790123
0.791206
0.791662
0.792721
0.793486
0.794009
0.795037
0.795790
0.796595
0.797354
0.797761
0.798860
0.799598
0.800034
0.801134
0.801878
0.802619
0.803337
0.803746
0.804845
0.805582
0.805946
0.806708
0.807791
0.808508
0.809231
0.809317
0.810714
0.811435
0.811819
0.812887
0.813671
0.814153
0.815215
0.815611
0.816692
0.817423
0.817826
0.818981
0.819722
0.820475
0.821207
0.821935
0.822711
0.823445
0.823808
0.824890
0.825647
0.826499
0.827225
0.827646
0.828748
0.829533
0.829918
0.830985
0.831721
0.832091
0.833162
0.833897
0.834664
0.835410
0.835784
0.836856
0.837611
0.838001
0.839074
0.840796
0.841507
0.842256
0.842651
0.843748
0.844551
0.845266
0.846027
0.846781
0.847532
0.848246
0.848997
0.849734
0.850500
0.850553
0.851981
0.852716
0.853443
0.854198
0.854611
0.855698
0.856406
0.857134
0.857863
0.858645
0.859044
0.860123
0.860888
0.861635
0.862420
0.862483
0.863906
0.864640
0.865369
0.866119
0.866860
0.867600
0.868337
0.869094
0.869824
0.870596
0.870637
0.872029
0.872421
0.873465
0.874216
0.874617
0.875737
0.876487
0.877239
0.877976
0.878787
0.879524
0.880225
0.880954
0.881686
0.882425
0.882487
0.883886
0.884660
0.885342
0.886117
0.886846
0.887578
0.888277
0.889056
0.889799
0.890573
0.890616
0.892033
0.892791
0.893561
0.894315
0.894392
0.895815
0.896549
0.897268
0.898027
0.898776
0.899511
0.900235
0.901010
0.901748
0.902493
0.902547
0.903999
0.904740
0.905447
0.906276
0.906677
0.907750
0.908460
0.909225
0.909953
0.910740
0.911124
0.912168
0.912917
0.913662
0.914421
0.914483
0.915890
0.916657
0.917431
0.918244
0.918996
0.919737
0.920483
0.921195
0.921926
0.922657
0.923041
0.924096
0.924812
0.925529
0.926353
0.926739
0.927823
0.928543
0.929338
0.930094
0.930492
0.931226
0.932127
0.932857
0.933885
0.934701
0.935452
0.936192
0.936928
0.937668
0.938466
0.938883
0.939965
0.940704
0.941444
0.942199
0.942721
0.943773
0.944512
0.945258
0.946052
0.946498
0.947229
0.948384
0.949114
0.949875
0.950631
0.951110
0.952200
0.952959
0.953729
0.954482
0.954904
0.955970
0.956697
0.957448
0.958197
0.958624
0.959356
0.959742
0.961204
0.961956
0.962398
0.963123
0.964266
0.965005
0.965787
0.966536
0.966950
0.968084
0.968888
0.969627
0.970393
0.971143
0.971890
0.972626
0.973027
0.974141
0.974558
0.975289
0.976397
0.977131
0.977908
0.978325
0.979074
0.980181
0.980924
0.981654
0.982429
0.982843
0.983913
0.984691
0.985429
0.986176
0.986593
0.987317
0.988421
0.989184
0.989934
0.990681
0.991256
0.991845
0.992950
0.993684
0.994455
0.994514
0.995928
0.996693
0.997429
0.998189
0.998607
0.999703
1.000435
1.001188
1.001935
1.002711
1.003095
1.004189
1.004927
1.005674
1.006430
1.006491
1.007894
1.008649
1.009374
1.010164
1.010898
1.011658
1.012336
1.012733
1.013836
1.014614
1.014653
1.016119
1.016852
1.017633
1.018483
1.018901
1.019959
1.020701
1.021412
1.022173
1.022244
1.022967
1.024346
1.025057
1.025863
1.026640
1.027033
1.028107
1.028854
1.029587
1.030352
1.030598
1.031861
1.032564
1.033287
1.034057
1.034479
1.035208
1.036266
1.036976
1.037704
1.038461
1.038519
1.039905
1.040637
1.041354
1.042166
1.042575
1.043662
1.044364
1.045078
1.045794
1.046584
1.046626
1.048034
1.048784
1.049546
1.050290
1.050369
1.051821
1.052573
1.053280
1.054112
1.054853
1.055611
1.056323
1.057090
1.057832
1.058658
1.059069
1.060133
1.060910
1.061633
1.062416
1.062791
1.063907
1.064646
1.065392
1.066135
1.066919
1.067661
1.068449
1.069197
1.069953
1.070704
1.071097
1.072129
1.072517
1.073638
1.074394
1.075120
1.075855
1.076577
1.077302
1.078040
1.078542
1.079018
1.080370
1.081115
1.081861
1.082618
1.083370
1.084110
1.084841
1.085669
1.086429
1.086819
1.087894
1.088634
1.089401
1.090170
1.090579
1.091749
1.092478
1.093218
1.093946
1.094353
1.095101
1.096211
1.096985
1.097739
1.098489
1.099242
1.099972
1.100715
1.101462
1.102313
1.102806
1.103903
1.104631
1.105357
1.106101
1.106516
1.107235
1.108316
1.108705
1.109792
1.110555
1.110601
1.112035
1.112800
1.113518
1.113928
1.114425
1.115728
1.116491
1.117213
1.117985
1.118737
1.119654
1.120363
1.121109
1.121845
1.122599
1.122974
1.124049
1.124780
1.125502
1.126348
1.126420
1.127791
1.128511
1.129232
1.130007
1.130757
1.130948
1.131987
1.132729
1.133461
1.134460
1.134517
1.135932
1.136649
1.137356
1.138106
1.138517
1.139220
1.139942
1.141057
1.141818
1.142592
1.142633
1.144023
1.144738
1.145443
1.146204
1.146625
1.147698
1.148436
1.149173
1.149921
1.150709
1.151462
1.152164
1.152902
1.153629
1.154382
1.154449
1.155862
1.156585
1.157299
1.158039
1.158484
1.159534
1.160234
1.161019
1.161792
1.162567
1.162992
1.164024
1.164742
1.165492
1.166229
1.166641
1.167352
1.168448
1.169159
1.169915
1.170652
1.171059
1.172083
1.172470
1.173553
1.174333
1.174725
1.175829
1.176540
1.177264
1.177988
1.178425
1.179148
1.180227
1.180946
1.181717
1.182451
1.182510
1.183937
1.184674
1.185389
1.186132
1.187067
1.187448
1.188543
1.189295
1.189725
1.189787
1.191346
1.192317
1.193064
1.193778
1.194203
1.195298
1.196064
1.196750
1.197962
1.198694
1.199433
1.200184
1.200918
1.201661
1.202062
1.203125
1.203535
1.204594
1.205380
1.205786
1.206899
1.207621
1.207996
1.208358
1.208758
1.208779
1.209479
1.209847
1.210217
1.210588
1.210630
1.211331
1.211709
1.212071
1.212460
1.212829
1.213213
1.217164
1.217871
1.220602
1.221348
1.222529
1.223379
1.224383
1.225188
1.225967
1.226363
1.227109
1.228145
1.228865
1.229692
1.230451
1.231206
1.231601
1.232541
1.233312
1.234039
1.234450
1.235739
1.236503
1.237257
1.238034
1.238430
1.239562
1.240343
1.241109
1.241848
1.242310
1.243434
1.244178
1.244913
1.245693
1.246108
1.247215
1.247977
1.248687
1.249474
1.250229
1.250987
1.251361
1.252507
1.253254
1.253997
1.254399
1.255135
1.256208
1.256933
1.257672
1.258426
1.259150
1.259554
1.260619
1.261355
1.262102
1.262509
1.263265
1.264381
1.265123
1.265883
1.266296
1.267040
1.268081
1.268866
1.269581
1.270383
1.270776
1.271854
1.272579
1.273319
1.274067
1.274490
1.275243
1.276333
1.277071
1.277818
1.278584
1.278626
1.280042
1.280778
1.281519
1.282258
1.282665
1.283743
1.284482
1.285206
1.285966
1.286724
1.287110
1.288184
1.288974
1.289736
1.290522
1.290572
1.292001
1.292772
1.293523
1.294304
1.294382
1.295801
1.296582
1.297312
1.298084
1.298852
1.299623
1.300361
1.301093
1.301857
1.302619
1.303014
1.304086
1.304973
1.305702
1.306473
1.306529
1.307954
1.308695
1.309417
1.310171
1.310589
1.311661
1.312384
1.313117
1.313868
1.314649
1.315404
1.316143
1.316899
1.317638
1.318440
1.318500
1.319967
1.320709
1.321434
1.322188
1.322261
1.323675
1.324438
1.325168
1.325913
1.326738
1.327169
1.328233
1.328966
1.329706
1.330480
1.330535
1.331954
1.332685
1.333396
1.334240
1.334637
1.335708
1.336467
1.337200
1.337574
1.338472
1.339126
1.340218
1.340939
1.341691
1.342448
1.343194
1.343922
1.344650
1.345379
1.347078
1.347829
1.348218
1.349325
1.349723
1.350811
1.351548
1.351941
1.353016
1.353400
1.354469
1.355267
1.356022
1.356440
1.357538
1.358308
1.359041
1.359766
1.360160
1.361284
1.361673
1.362717
1.363463
1.364189
1.364954
1.365366
1.366436
1.367226
1.367971
1.368740
1.369492
1.370254
1.370970
1.371705
1.372096
1.373184
1.373577
1.374653
1.375405
1.376113
1.376848
1.377597
1.378328
1.379056
1.379791
1.380172
1.381054
1.381471
1.382815
1.383567
1.384391
1.385160
1.385915
1.386636
1.387413
1.388157
1.388902
1.389498
1.390447
1.391165
1.391923
1.392318
1.393381
1.393737
1.394786
1.395571
1.396311
1.397069
1.397441
1.398597
1.399382
1.400131
1.400588
1.401319
1.402430
1.403156
1.403900
1.404308
1.405054
1.406113
1.406847
1.407586
1.408345
1.408730
1.409824
1.410547
1.410953
1.412026
1.412450
1.413247
1.414305
1.415058
1.415805
1.416262
1.417012
1.418155
1.418888
1.419625
1.420369
1.420763
1.421846
1.422565
1.423268
1.424056
1.424487
1.425190
1.426223
1.426971
1.427694
1.428507
1.428559
1.430067
1.430792
1.431523
1.432287
1.432366
1.433786
1.434611
1.435537
1.436342
1.436721
1.437433
1.438491
1.439262
1.440014
1.440424
1.441176
1.442272
1.443012
1.443725
1.444468
1.445198
1.445553
1.446635
1.447373
1.448103
1.448524
1.449306
1.450451
1.451198
1.451934
1.452355
1.453121
1.454184
1.454902
1.455635
1.456383
1.457135
1.457539
1.458593
1.459321
1.460043
1.460797
1.461515
1.462262
1.462978
1.463787
1.464183
1.465296
1.465727
1.466841
1.467596
1.468004
1.469087
1.469486
1.470562
1.471309
1.472047
1.472803
1.473218
1.474332
1.475075
1.475829
1.476265
1.477355
1.477744
1.478811
1.479595
1.479987
1.481070
1.481482
1.482580
1.482985
1.483844
1.484842
1.485578
1.485959
1.487043
1.487782
1.488556
1.489282
1.489687
1.490774
1.491547
1.491938
1.493035
1.493806
1.494555
1.495300
1.495960
1.496840
1.497625
1.498006
1.499175
1.499609
1.500697
1.501445
1.501835
1.502925
1.503656
1.504385
