0.003946
0.007412
0.010326
0.011846
0.013125
0.014219
0.015814
0.016513
0.017995
0.019766
0.021046
0.022362
0.023696
0.024986
0.026263
0.027632
0.028318
0.030186
0.031497
0.032781
0.034061
0.035390
0.036754
0.038050
0.039349
0.040736
0.042118
0.043479
0.044745
0.045645
0.047402
0.048661
0.049917
0.051206
0.052467
0.053882
0.055218
0.056496
0.057781
0.059134
0.060463
0.061725
0.063026
0.064311
0.065585
0.066883
0.068163
0.069440
0.070756
0.071599
0.073356
0.074000
0.075915
0.077222
0.077901
0.079791
0.081059
0.081706
0.083644
0.084914
0.085592
0.087524
0.088826
0.089525
0.091406
0.092721
0.093405
0.095232
0.096514
0.097229
0.099031
0.099910
0.101176
0.102867
0.104141
0.105458
0.106754
0.108000
0.109277
0.110549
0.111799
0.113058
0.113704
0.115587
0.116928
0.117586
0.119480
0.120744
0.120849
0.123294
0.124534
0.125313
0.127092
0.127873
0.129191
0.130878
0.132136
0.133425
0.134782
0.136074
0.137373
0.138008
0.139943
0.141225
0.141876
0.143782
0.145061
0.145706
0.147673
0.148962
0.150364
0.151675
0.153012
0.154376
0.155676
0.156968
0.157604
0.159531
0.160902
0.161603
0.163071
0.164840
0.165513
0.167369
0.168689
0.169343
0.171173
0.171960
0.173164
0.174926
0.176206
0.177015
0.178743
0.180007
0.181254
0.182577
0.183840
0.185091
0.185735
0.187683
0.188964
0.189657
0.191778
0.193092
0.194402
0.195707
0.197008
0.197663
0.199564
0.200859
0.201526
0.203466
0.204767
0.206110
0.207440
0.208813
0.210166
0.211490
0.212838
0.214114
0.215473
0.216384
0.218204
0.218891
0.220355
0.222235
0.223614
0.224990
0.226267
0.227552
0.228247
0.230058
0.231329
0.233762
0.235043
0.236366
0.237649
0.238963
0.239626
0.241572
0.242852
0.243544
0.245414
0.246691
0.247359
0.249223
0.250542
0.251878
0.253134
0.254404
0.255118
0.256945
0.258199
0.259017
0.260723
0.261967
0.263211
0.264485
0.265756
0.267040
0.267713
0.269624
0.270898
0.272161
0.273463
0.274764
0.275441
0.277300
0.278612
0.280278
0.281582
0.282912
0.284198
0.285486
0.286762
0.288099
0.289367
0.290776
0.291474
0.293456
0.294505
0.296052
0.297350
0.298670
0.299956
0.301260
0.302613
0.303381
0.305164
0.305999
0.307311
0.309254
0.310598
0.311343
0.313207
0.314602
0.315307
0.317498
0.318206
0.319584
0.321517
0.322813
0.323566
0.325559
0.327083
0.328356
0.329685
0.330965
0.332292
0.333598
0.334942
0.336256
0.337683
0.338634
0.340365
0.341669
0.342590
0.344383
0.345784
0.347131
0.348454
0.349838
0.350646
0.352162
0.353947
0.354660
0.356537
0.357847
0.358107
0.360401
0.361660
0.362468
0.364250
0.365499
0.366832
0.368128
0.369393
0.370672
0.371339
0.373217
0.374475
0.375294
0.376603
0.378440
0.379253
0.381179
0.382498
0.383173
0.385057
0.386400
0.387053
0.388887
0.390187
0.390905
0.392733
0.393993
0.394737
0.396518
0.397748
0.398623
0.400306
0.401525
0.402794
0.404087
0.405315
0.406597
0.407948
0.409217
0.410501
0.411182
0.413135
0.414446
0.415721
0.416981
0.418268
0.419020
0.420837
0.422120
0.423432
0.424682
0.425980
0.426827
0.428517
0.429779
0.431028
0.432326
0.433557
0.434870
0.435532
0.437415
0.438261
0.439402
0.441337
0.442640
0.443318
0.445176
0.446499
0.447202
0.449069
0.450059
0.451200
0.452918
0.454228
0.455285
0.457144
0.458457
0.459273
0.460970
0.462216
0.463490
0.464754
0.466003
0.467266
0.467955
0.469813
0.471074
0.471747
0.473639
0.474946
0.475625
0.477473
0.478755
0.480014
0.481256
0.482524
0.483270
0.485023
0.486272
0.487565
0.488832
0.490104
0.491203
0.492876
0.494167
0.494983
0.496763
0.498031
0.498844
0.500576
0.501852
0.503093
0.504357
0.505606
0.506881
0.508198
0.509441
0.510687
0.511352
0.513281
0.514557
0.515256
0.517112
0.518366
0.519107
0.520974
0.521945
0.523483
0.524757
0.526055
0.526881
0.528684
0.529979
0.531292
0.532541
0.533808
0.535083
0.536376
0.537627
0.538883
0.540254
0.541618
0.542934
0.544250
0.545521
0.546336
0.547451
0.549344
0.550624
0.551319
0.553090
0.554602
0.555307
0.557266
0.558632
0.559955
0.561234
0.562664
0.563970
0.565336
0.566692
0.567369
0.569319
0.570562
0.571214
0.573084
0.574559
0.575281
0.577290
0.578583
0.579923
0.581175
0.582511
0.583801
0.584499
0.586077
0.587659
0.588920
0.590191
0.590953
0.592891
0.594107
0.595956
0.597284
0.598638
0.599959
0.601277
0.601960
0.603785
0.605086
0.606360
0.610090
0.611367
0.612163
0.613949
0.615175
0.616029
0.617772
0.618528
0.620395
0.621695
0.623023
0.624341
0.625175
0.626927
0.628183
0.629457
0.630726
0.631996
0.633297
0.634550
0.635818
0.636475
0.638333
0.639681
0.640358
0.642264
0.643510
0.644163
0.646069
0.647317
0.649508
0.650800
0.652271
0.652957
0.654748
0.656058
0.656855
0.658583
0.659871
0.661140
0.662400
0.663685
0.664989
0.665633
0.667495
0.668788
0.668887
0.671317
0.672137
0.673287
0.675138
0.676409
0.677116
0.678981
0.680249
0.681583
0.682836
0.684082
0.684904
0.686595
0.687879
0.689164
0.690422
0.691710
0.692955
0.694203
0.695449
0.696746
0.697401
0.699229
0.700514
0.701200
0.703030
0.704286
0.705210
0.706915
0.708158
0.708938
0.710743
0.712055
0.712820
0.714570
0.715850
0.717144
0.718456
0.719738
0.721021
0.722302
0.723536
0.724811
0.725459
0.727381
0.728225
0.729340
0.731161
0.732449
0.733707
0.734958
0.736228
0.736946
0.738794
0.740095
0.740826
0.742675
0.743963
0.744764
0.746579
0.747860
0.748703
0.750432
0.751683
0.752990
0.754262
0.755521
0.756867
0.758204
0.759490
0.760787
0.762071
0.763329
0.764585
0.765240
0.767120
0.768384
0.769050
0.770304
0.772187
0.772873
0.774677
0.775939
0.776703
0.778506
0.779781
0.780595
0.782391
0.783633
0.784474
0.786206
0.787478
0.788765
0.790113
0.791406
0.792750
0.794069
0.795366
0.796710
0.798015
0.799288
0.800550
0.801035
0.803297
0.804684
0.806038
0.807333
0.808594
0.809248
0.811157
0.812409
0.813080
0.814899
0.816236
0.816733
0.818924
0.820273
0.821569
0.822922
0.824229
0.825529
0.826977
0.828297
0.828977
0.830858
0.832105
0.832947
0.834670
0.835945
0.836645
0.838562
0.839897
0.840596
0.842526
0.843815
0.844485
0.846397
0.847722
0.848328
0.850278
0.851632
0.852357
0.854249
0.855556
0.856310
0.858213
0.859520
0.860258
0.862147
0.863404
0.864165
0.865985
0.867231
0.868034
0.869824
0.871089
0.871924
0.873183
0.874945
0.876225
0.877528
0.878810
0.880085
0.881377
0.882645
0.883910
0.885190
0.886439
0.887693
0.888365
0.890229
0.891476
0.892185
0.894056
0.895317
0.896562
0.897369
0.899121
0.900393
0.901639
0.902897
0.904088
0.905507
0.906757
0.908052
0.909348
0.910586
0.911832
0.913119
0.914378
0.915643
0.916901
0.918172
0.919478
0.920167
0.922023
0.923289
0.924544
0.925346
0.927045
0.927779
0.929574
0.930838
0.932111
0.933392
0.934637
0.935903
0.937200
0.938468
0.939746
0.941057
0.942302
0.943597
0.944899
0.946289
0.947614
0.948910
0.950174
0.951481
0.952757
0.954022
0.955267
0.956613
0.957882
0.959116
0.959990
0.961709
0.962965
0.964202
0.965032
0.966725
0.967986
0.968637
0.970510
0.971772
0.972437
0.974313
0.975569
0.976786
0.978194
0.979446
0.980749
0.981996
0.983221
0.984488
0.985768
0.987027
0.988272
0.989594
0.991113
0.992427
0.993747
0.995110
0.996390
0.997208
0.998925
1.000175
1.001441
1.002236
1.004082
1.005396
1.006648
1.007946
1.009218
1.010533
1.011814
1.013104
1.014390
1.015666
1.016926
1.018168
1.018878
1.020136
1.022032
1.023271
1.024562
1.025810
1.027066
1.028318
1.029634
1.030871
1.032116
1.033386
1.034675
1.035923
1.037262
1.038566
1.039889
1.041167
1.042436
1.043753
1.045046
1.046299
1.047648
1.048951
1.050209
1.051506
1.052830
1.054075
1.055309
1.056175
1.057670
1.059170
1.060564
1.061847
1.063118
1.064366
1.065709
1.066960
1.068223
1.068540
1.070778
1.072016
1.073302
1.074687
1.075982
1.077347
1.078650
1.079970
1.081310
1.082579
1.083868
1.085142
1.086407
1.087702
1.088975
1.090282
1.091659
1.092973
1.094342
1.095628
1.096313
1.098164
1.099398
1.100713
1.101986
1.102702
1.104568
1.105891
1.107147
1.108490
1.109737
1.111051
1.112320
1.113109
1.114864
1.116115
1.117352
1.118672
1.119755
1.121269
1.122532
1.123849
1.125157
1.126444
1.127760
1.128463
1.130326
1.131646
1.132939
1.134197
1.135456
1.136772
1.138042
1.139318
1.140643
1.141902
1.143136
1.144431
1.145675
1.146940
1.148185
1.149467
1.150742
1.152027
1.153301
1.154577
1.155857
1.156684
1.158394
1.159631
1.160964
1.162256
1.163512
1.164768
1.166028
1.166734
1.168480
1.169860
1.171131
1.172425
1.173743
1.175002
1.176281
1.177619
1.178900
1.180209
1.181529
1.182807
1.184116
1.185407
1.186658
1.187947
1.189235
1.190519
1.191790
1.193102
1.194540
1.195853
1.196684
1.198447
1.199695
1.200602
1.202307
1.203562
1.204837
1.206199
1.207457
1.208749
1.210065
1.211380
1.212653
1.213910
1.215189
1.216486
1.217753
1.219087
1.220392
1.221664
1.222926
1.224259
1.225561
1.226823
1.228126
1.229428
1.230697
1.231977
1.233261
1.234543
1.236276
1.237540
1.238811
1.240156
1.241452
1.242707
1.243980
1.245285
1.246575
1.247862
1.249210
1.250510
1.251783
1.253093
1.254382
1.255655
1.256950
1.258212
1.259492
1.260805
1.262098
1.263391
1.264719
1.265404
1.267254
1.268566
1.269845
1.271104
1.271973
1.273736
1.274990
1.276257
1.277542
1.278834
1.280136
1.281437
1.282827
1.284120
1.285416
1.286721
1.288000
1.289292
1.290591
1.291880
1.293185
1.294484
1.295828
1.297113
1.298386
1.299663
1.300959
1.302208
1.303486
1.304732
1.306049
1.307395
1.308653
1.309961
1.311211
1.312506
1.313812
1.315120
1.316440
1.317768
1.318961
1.320498
1.321803
1.323085
1.324386
1.325654
1.326959
1.327862
1.329634
1.330918
1.332196
1.333211
1.334872
1.336194
1.337487
1.338783
1.339996
1.341487
1.342771
1.344048
1.345357
1.346684
1.347986
1.349286
1.350607
1.351900
1.353212
1.354488
1.355766
1.357153
1.358417
1.359684
1.360948
1.362327
1.363025
1.364842
1.365535
1.367459
1.368714
1.369990
1.371269
1.372549
1.373812
1.375112
1.376387
1.377650
1.378973
1.380331
1.381595
1.382903
1.383669
1.385436
1.386667
1.387948
1.389320
1.390592
1.391853
1.393101
1.394357
1.395636
1.396905
1.398169
1.399436
1.400682
1.401947
1.403221
1.404478
1.405732
1.407064
1.408380
1.409626
1.410903
1.411675
1.413530
1.414793
1.415560
1.417375
1.418715
1.418914
1.421287
1.422547
1.423801
1.425077
1.426354
1.427616
1.428881
1.430176
1.431424
1.432670
1.433933
1.435251
1.436530
1.437768
1.439052
1.440327
1.441584
1.442843
1.444131
1.445410
1.446674
1.447503
1.449323
1.450610
1.451464
1.453241
1.454520
1.455833
1.457145
1.458446
1.459762
1.461056
1.462360
1.463630
1.464898
1.466223
1.467476
1.468724
1.469514
1.471259
1.472502
1.473776
1.475195
1.476511
1.477775
1.479081
1.480354
1.481608
1.482921
1.484190
1.485460
1.486726
1.488015
1.489360
1.490720
1.492102
1.493465
1.494830
1.496157
1.497487
1.498834
1.500162
1.501412
1.502278
1.503964
1.505211
1.506553
1.507974
1.509256
1.510644
1.511917
1.513228
1.513931
1.515835
1.517108
1.518442
1.519166
1.520988
1.522230
1.523070
1.524804
1.526070
1.527362
1.528673
1.529983
1.531272
1.532539
1.533818
1.535092
1.536355
1.537616
1.538965
1.540208
1.541466
1.542779
1.544056
1.545352
1.546697
1.547991
1.549302
1.550608
1.551906
1.553184
1.554526
1.555818
1.557056
1.558329
1.559938
1.561236
1.562506
1.563781
1.565081
1.566399
1.567662
1.568916
1.570157
1.571484
1.572750
1.573384
1.575295
1.576581
1.577894
1.579233
1.580534
1.581962
1.582807
1.584552
1.585829
1.587115
1.588390
1.589965
1.591291
1.592577
1.593879
1.595181
1.596531
1.597854
1.599200
1.600658
1.601987
1.603313
1.604569
1.605846
1.607164
1.608528
1.609770
1.610594
1.611763
1.613724
1.614611
1.616381
1.617096
1.619095
1.620364
1.621034
1.622501
1.624291
1.625565
1.626844
1.628129
1.629392
1.630688
1.632016
1.633281
1.634580
1.635850
1.637108
1.638398
1.639710
1.640987
1.642292
1.643592
1.645919
1.647213
1.648548
1.649863
1.651179
1.652467
1.653762
1.655064
1.656364
1.657665
1.658970
1.660250
1.661394
1.662854
1.664140
1.665429
1.666736
1.668029
1.669389
1.670689
1.671855
1.673264
1.674547
1.675831
1.677094
1.678369
1.679621
1.680894
1.682165
1.683432
1.684724
1.685999
1.687282
1.688610
1.689914
1.691187
1.692470
1.693720
1.694961
1.696251
1.697546
1.698827
1.700065
1.701311
1.702567
1.703843
1.705087
1.705874
1.707631
1.708891
1.710191
1.711498
1.712789
1.714157
1.715446
1.716721
1.718045
1.719316
1.720592
1.721320
1.723134
1.724450
1.725720
1.727026
1.728289
1.729583
1.730852
1.732165
1.733459
1.734715
1.735973
1.737282
1.738555
1.739837
1.741120
1.742383
1.743729
1.745039
1.746340
1.747645
1.748962
1.750286
1.751570
1.752857
1.753631
1.755448
1.756723
1.757504
1.759316
1.760581
1.761362
1.763140
1.764384
1.765686
1.766962
1.768291
1.769567
1.770265
1.772125
1.773448
1.774707
1.776016
1.777329
1.778600
1.779886
1.781203
1.782534
1.783804
1.785126
1.786430
1.787704
1.789025
1.790446
1.791718
1.793069
1.794337
1.795606
1.796901
1.798230
1.799494
1.800758
1.801536
1.803333
1.804625
1.805444
1.807213
1.808458
1.809749
1.810568
1.812423
1.813722
1.815003
1.816301
1.817605
1.818853
1.820111
1.821421
1.822117
1.823951
1.825266
1.826546
1.827855
1.829146
1.830424
1.831746
1.833061
1.834319
1.835608
1.836969
1.838300
1.839644
1.840936
1.842217
1.843477
1.844843
1.846107
1.847435
1.848761
1.850031
1.851277
1.852173
1.853865
1.855238
1.856582
1.857876
1.859153
1.860324
1.861776
1.863068
1.864345
1.865737
1.867039
1.868373
1.869658
1.871042
1.872387
1.873680
1.874967
1.876297
1.877611
1.878944
1.880276
1.881549
1.882908
1.884223
1.885568
1.886863
1.888193
1.889508
1.890811
1.892110
1.893384
1.894638
1.895880
1.897204
1.898446
1.899734
1.900590
1.902354
1.903618
1.904498
1.906212
1.907475
1.908754
1.910046
1.911385
1.912675
1.913938
1.915210
1.916561
1.917832
1.919118
1.920472
1.921766
1.922462
1.924322
1.925627
1.926918
1.928205
1.929044
1.930778
1.932081
1.933388
1.934693
1.935965
1.937250
1.938514
1.939823
1.941099
1.942375
1.943672
1.944980
1.946259
1.947550
1.948840
1.950127
1.951439
1.952741
1.954024
1.955371
1.956649
1.957981
1.959304
1.960571
1.961835
1.963153
1.964423
1.965689
1.966992
1.968286
1.969553
1.970814
1.972116
1.973265
1.974701
1.975979
1.977242
1.978583
1.979416
1.981192
1.982456
1.983737
1.985103
1.986509
1.987818
1.989156
1.990451
1.991743
1.993024
1.994296
1.995138
1.996882
1.998134
1.999849
2.001140
2.002484
2.003754
2.005049
2.006353
2.007620
2.008878
2.010193
2.011458
2.012727
2.014086
2.015414
2.016664
2.017935
2.019256
2.020527
2.021813
2.022706
2.023802
2.025815
2.027159
2.028444
2.029706
2.030506
2.032305
2.033596
2.034416
2.036209
2.037459
2.038307
2.040011
2.041260
2.042552
2.043860
2.045160
2.046513
2.047787
2.049039
2.050323
2.051622
2.052909
2.054170
2.055604
2.056894
2.058160
2.059442
2.060715
2.061991
2.063294
2.064600
2.065901
2.067167
2.068454
2.069747
2.071033
2.072309
2.073680
2.074873
2.076334
2.077613
2.078894
2.080138
2.081405
2.082716
2.083991
2.085361
2.086717
2.088037
2.089314
2.090608
2.091931
2.093192
2.094467
2.095798
2.097092
2.098413
2.099718
2.100980
2.101861
2.103180
2.104894
2.106142
2.107407
2.108688
2.109934
2.111188
2.112464
2.113802
2.115199
2.116557
2.117859
2.119324
2.120652
2.121922
2.123224
2.124052
2.125822
2.127083
2.128335
2.129610
2.130863
2.132100
2.133360
2.134635
2.136101
2.137410
2.138695
2.139449
2.141276
2.142563
2.143893
2.145162
2.146487
2.148298
2.149655
2.150812
2.152780
2.154199
2.155356
2.157565
2.158952
2.159865
2.161729
2.163017
2.164429
2.165785
2.167087
2.168394
2.169656
2.170356
2.172215
2.174062
2.174949
2.176695
2.177971
2.178820
2.180533
2.181826
2.182784
2.184510
2.185778
2.187227
2.188579
2.189871
2.190780
2.192529
2.193930
2.195228
2.196496
2.197797
2.199064
2.200345
2.201645
2.203038
2.204302
2.205607
2.206929
2.207598
2.209483
2.210770
2.212047
2.213338
2.214739
2.216047
2.217445
2.218815
2.220178
2.221463
2.222736
2.223606
2.225320
2.226593
2.227856
2.229171
2.230435
2.231694
2.232988
2.234262
2.235558
2.236861
2.238145
2.239431
2.240700
2.242100
2.243382
2.244751
2.246075
2.248283
2.249565
2.250858
2.252140
2.253489
2.254765
2.256063
2.257265
2.258781
2.259658
2.261447
2.262729
2.264002
2.265307
2.266600
2.267858
2.269302
2.270565
2.271828
2.273118
2.274407
2.275686
2.276973
2.278234
2.279516
2.280805
2.282070
2.283320
2.284648
2.285960
2.287233
2.288146
2.289959
2.291222
2.293123
2.294406
2.295685
2.296992
2.298286
2.299577
2.300899
2.302181
2.303450
2.304779
2.305462
2.307321
2.308593
2.309968
2.311244
2.312563
2.313876
2.315173
2.316471
2.317960
2.319258
2.320661
2.321972
2.323285
2.324558
2.325513
2.327224
2.328512
2.329811
2.331121
2.332403
2.333719
2.335001
2.336279
2.337552
2.338857
2.340147
2.341443
2.342855
2.344138
2.345388
2.346726
2.347987
2.349299
2.350698
2.352067
2.353330
2.354631
2.355942
2.357207
2.358535
2.359347
2.361128
2.362504
2.363811
2.365098
2.366420
2.367814
2.369102
2.370392
2.371658
2.372981
2.374285
2.375575
2.376878
2.378198
2.379492
2.380771
2.382226
2.383624
2.384884
2.386207
2.387582
2.388860
2.390283
2.391699
2.393606
2.394920
2.396196
2.397475
2.398929
2.400203
2.401501
2.402558
2.404106
2.405383
2.406714
2.408158
2.409453
2.410734
2.412037
2.413374
2.414686
2.415510
2.417374
2.418636
2.419948
2.421240
2.422522
2.423809
2.425156
2.425876
2.427702
2.429019
2.430326
2.431596
2.432863
2.434142
2.435434
2.436692
2.437986
2.439353
2.440661
2.442093
2.443383
2.444225
2.445985
2.447239
2.448630
2.449917
2.451209
2.452494
2.453810
2.455082
2.456372
2.457682
2.459015
2.460330
2.461619
2.462912
2.464256
2.465529
2.466802
2.468227
2.469525
2.470796
2.472103
2.473404
2.474685
2.475980
2.477232
2.478613
2.480035
2.480885
2.482628
2.483892
2.485270
2.486552
2.487941
2.489232
2.490535
2.491935
2.493319
2.494600
2.495896
2.497171
2.498445
2.499442
2.501119
2.502454
2.503720
2.504974
2.506315
2.507591
2.508906
2.510360
2.511239
2.513039
2.514300
2.515123
2.517002
2.518279
2.519578
2.520878
2.522212
2.523006
2.524817
2.526119
2.526926
2.528695
2.529943
2.530829
2.532552
2.533858
2.535215
2.536527
2.537839
2.539159
2.540437
2.542376
2.543661
2.544962
2.546263
2.547563
2.548271
2.550177
2.551487
2.552759
2.554112
2.555426
2.556705
2.558030
2.559314
2.560602
2.561870
2.563154
2.564419
2.565719
2.567155
2.568439
2.569745
2.571046
2.572322
2.573770
2.575050
2.576313
2.577618
2.579011
2.580291
2.581577
2.582947
2.584264
2.585552
2.586847
2.588158
2.589455
2.590742
2.592217
2.593973
2.595499
2.596839
2.598170
2.599460
2.600773
2.602082
2.603368
2.604702
2.606062
2.607576
2.608879
2.610158
2.611542
2.613207
2.614524
