0.000997
0.001770
0.002496
0.003281
0.004045
0.004781
0.005511
0.006387
0.007173
0.007925
0.008610
0.009403
0.010113
0.010854
0.011582
0.012312
0.013077
0.013793
0.014481
0.015203
0.015944
0.016644
0.017359
0.018157
0.018857
0.019589
0.020279
0.020980
0.021793
0.022496
0.023214
0.023980
0.025067
0.025768
0.026488
0.027279
0.028106
0.028950
0.029979
0.030796
0.031622
0.032498
0.033321
0.034171
0.034976
0.035846
0.037014
0.038129
0.039037
0.039925
0.040790
0.041599
0.042432
0.043237
0.044114
0.044961
0.045794
0.046674
0.047520
0.048254
0.048956
0.049680
0.050397
0.051232
0.051950
0.053123
0.053815
0.054517
0.055225
0.056002
0.056950
0.057661
0.058355
0.059055
0.059788
0.060547
0.061235
0.061936
0.062644
0.063357
0.064065
0.064809
0.065531
0.066262
0.066964
0.067672
0.068624
0.069456
0.070269
0.070974
0.071679
0.072398
0.073187
0.073986
0.074716
0.075433
0.076204
0.077018
0.077745
0.078496
0.079205
0.079970
0.080682
0.081397
0.082151
0.082883
0.083589
0.084304
0.085064
0.085768
0.086488
0.087224
0.087953
0.088643
0.089372
0.090173
0.090928
0.091661
0.092398
0.093155
0.093863
0.094576
0.095308
0.096054
0.096781
0.097477
0.098172
0.098897
0.099599
0.100325
0.101072
0.101775
0.102509
0.103278
0.104021
0.104746
0.105480
0.106171
0.106970
0.107645
0.108413
0.109136
0.109838
0.110544
0.111301
0.112014
0.112739
0.113465
0.114199
0.114904
0.115595
0.116364
0.117120
0.117924
0.118635
0.119384
0.120142
0.120888
0.121590
0.122334
0.123046
0.123834
0.124533
0.125275
0.126026
0.126726
0.127439
0.128159
0.128924
0.129632
0.130383
0.131098
0.131837
0.132536
0.133285
0.134013
0.134761
0.135484
0.136253
0.136992
0.137771
0.138497
0.139209
0.139971
0.140695
0.141440
0.142147
0.142868
0.143576
0.144323
0.145056
0.145829
0.146513
0.147245
0.147961
0.148670
0.149390
0.150156
0.150903
0.151616
0.152421
0.153212
0.153920
0.154631
0.155344
0.156157
0.156941
0.157625
0.158377
0.159095
0.159806
0.160559
0.161290
0.162027
0.162732
0.163473
0.164227
0.164968
0.165662
0.166371
0.167087
0.167804
0.168525
0.169250
0.170009
0.170730
0.171430
0.172172
0.172917
0.173671
0.174394
0.175121
0.175825
0.176535
0.177257
0.177984
0.178681
0.179388
0.180173
0.180900
0.181593
0.182292
0.183026
0.183747
0.184636
0.185538
0.186373
0.187366
0.188339
0.189348
0.190465
0.191429
0.192399
0.193426
0.194396
0.195283
0.196090
0.196956
0.197716
0.198432
0.199125
0.199870
0.200698
0.201497
0.202224
0.202922
0.203670
0.204406
0.205138
0.205849
0.206645
0.207349
0.208092
0.208827
0.209569
0.210268
0.211079
0.211788
0.212557
0.213279
0.213987
0.214687
0.215383
0.216090
0.216824
0.217517
0.218270
0.218996
0.219701
0.220424
0.221192
0.221896
0.222700
0.223468
0.224244
0.224967
0.225746
0.226477
0.227195
0.227919
0.228668
0.229405
0.230096
0.230819
0.231553
0.232236
0.232972
0.233728
0.234492
0.235181
0.235909
0.236697
0.237431
0.238131
0.238848
0.239617
0.240360
0.241070
0.241812
0.242536
0.243242
0.243958
0.244709
0.245409
0.246095
0.246813
0.247524
0.248232
0.248960
0.249773
0.250508
0.251269
0.252022
0.252772
0.253492
0.254181
0.254910
0.255619
0.256352
0.257098
0.257878
0.258575
0.259296
0.259994
0.260757
0.261499
0.262228
0.262939
0.263644
0.264377
0.265090
0.265801
0.266784
0.267508
0.268293
0.269035
0.269764
0.270497
0.271201
0.271935
0.272643
0.273412
0.274167
0.274899
0.275602
0.276359
0.277100
0.277813
0.278503
0.279214
0.279979
0.280682
0.281402
0.282152
0.282863
0.283569
0.284275
0.285016
0.285736
0.286453
0.287162
0.287881
0.288553
0.289293
0.290039
0.290741
0.291467
0.292203
0.292942
0.293652
0.294342
0.295054
0.295744
0.296476
0.297195
0.297915
0.298617
0.299333
0.300051
0.300794
0.301606
0.302336
0.303280
0.304031
0.304739
0.305465
0.306190
0.306890
0.307622
0.308336
0.309032
0.309767
0.310512
0.311225
0.311929
0.312665
0.313369
0.314095
0.314793
0.315536
0.316230
0.316940
0.317701
0.318461
0.319184
0.319950
0.320669
0.321447
0.322171
0.322925
0.323650
0.324415
0.325106
0.325897
0.326609
0.327337
0.328038
0.328744
0.329524
0.330213
0.330932
0.331674
0.332545
0.333216
0.334089
0.334903
0.335747
0.336570
0.337504
0.338468
0.339402
0.340323
0.341278
0.342230
0.343226
0.344137
0.345052
0.345914
0.346729
0.347537
0.348258
0.348963
0.349693
0.350392
0.351217
0.351924
0.352669
0.353366
0.354136
0.354841
0.355597
0.356355
0.357243
0.357986
0.358691
0.359400
0.360208
0.360913
0.361694
0.362388
0.363141
0.363853
0.364560
0.365260
0.365982
0.366684
0.367397
0.368151
0.368865
0.369583
0.370286
0.371007
0.371774
0.372503
0.373239
0.373985
0.374733
0.375446
0.376209
0.376922
0.377658
0.378359
0.379093
0.379809
0.380576
0.381330
0.382061
0.382778
0.383518
0.384257
0.384957
0.385683
0.386389
0.387148
0.387890
0.388665
0.389404
0.390102
0.390895
0.391644
0.392363
0.393100
0.393798
0.394519
0.395217
0.395940
0.396646
0.397382
0.398082
0.398805
0.399521
0.400246
0.400962
0.401743
0.402511
0.403235
0.403957
0.404678
0.405406
0.406088
0.406820
0.407618
0.408367
0.409071
0.409796
0.410527
0.411254
0.411975
0.412695
0.413453
0.414153
0.414861
0.415586
0.416303
0.417021
0.417781
0.418471
0.419195
0.419883
0.420597
0.421357
0.422107
0.422809
0.423540
0.424239
0.424953
0.425705
0.426408
0.427099
0.427844
0.428563
0.429324
0.430025
0.430740
0.431484
0.432201
0.432924
0.433668
0.434379
0.435093
0.435796
0.436518
0.437222
0.437927
0.438634
0.439366
0.440071
0.440850
0.441622
0.442341
0.443039
0.443778
0.444486
0.445210
0.445918
0.446649
0.447338
0.448057
0.448791
0.449541
0.450326
0.451068
0.451815
0.452541
0.453273
0.454013
0.454738
0.455492
0.456200
0.456925
0.457680
0.458428
0.459159
0.459882
0.460594
0.461352
0.462072
0.462806
0.463564
0.464266
0.464989
0.465777
0.466475
0.467166
0.467924
0.468627
0.469375
0.470065
0.470773
0.471507
0.472224
0.472964
0.473714
0.474402
0.475101
0.475821
0.476530
0.477214
0.477933
0.478635
0.479390
0.480062
0.480776
0.481530
0.482234
0.483011
0.483894
0.484702
0.485547
0.486596
0.487528
0.488442
0.489394
0.490342
0.491263
0.492288
0.493313
0.494210
0.495034
0.495835
0.496648
0.497391
0.498085
0.498778
0.499481
0.500194
0.501016
0.501783
0.502529
0.503222
0.503940
0.504646
0.505357
0.506065
0.506876
0.507618
0.508337
0.509052
0.509784
0.510479
0.511255
0.512026
0.512759
0.513478
0.514187
0.514890
0.515617
0.516329
0.517032
0.517775
0.518527
0.519249
0.519983
0.520710
0.521516
0.522227
0.522949
0.523811
0.524527
0.525247
0.525961
0.526766
0.527469
0.528190
0.528884
0.529637
0.530380
0.531128
0.531869
0.532575
0.533336
0.534055
0.534770
0.535497
0.536248
0.536964
0.537678
0.538433
0.539173
0.539920
0.540606
0.541343
0.542066
0.542839
0.543532
0.544310
0.545066
0.545801
0.546479
0.547270
0.548002
0.548714
0.549449
0.550177
0.550964
0.551696
0.552425
0.553164
0.553872
0.554610
0.555321
0.556099
0.556889
0.557611
0.558325
0.559071
0.559790
0.560516
0.561251
0.562005
0.562705
0.563431
0.564157
0.564897
0.565601
0.566337
0.567082
0.567859
0.568555
0.569290
0.570030
0.570736
0.571460
0.572209
0.572931
0.573641
0.574358
0.575077
0.575794
0.576496
0.577228
0.577969
0.578659
0.579430
0.580172
0.580917
0.581622
0.582344
0.583048
0.583748
0.584500
0.585203
0.585966
0.586684
0.587417
0.588199
0.588923
0.589625
0.590405
0.591136
0.591867
0.592577
0.593334
0.594109
0.594807
0.595508
0.596255
0.596973
0.597716
0.598554
0.599381
0.600150
0.600907
0.601658
0.602404
0.603245
0.604038
0.604748
0.605476
0.606205
0.607011
0.607759
0.608482
0.609243
0.609942
0.610688
0.611408
0.612211
0.612931
0.613660
0.614363
0.615066
0.615733
0.616443
0.617188
0.617918
0.618649
0.619364
0.620067
0.620824
0.621544
0.622230
0.622980
0.623710
0.624440
0.625171
0.625891
0.626618
0.627324
0.628044
0.628796
0.629511
0.630226
0.630924
0.631678
0.632487
0.633543
0.634474
0.635460
0.636477
0.637386
0.638322
0.639386
0.640342
0.641314
0.642256
0.643114
0.643934
0.644822
0.645535
0.646224
0.646953
0.647653
0.648406
0.649116
0.649840
0.650548
0.651287
0.652076
0.652842
0.653583
0.654378
0.655105
0.655881
0.656713
0.657438
0.658138
0.658872
0.659617
0.660340
0.661026
0.661738
0.662537
0.663254
0.663982
0.664722
0.665437
0.666164
0.666840
0.667552
0.668286
0.669038
0.669827
0.670540
0.671248
0.671979
0.672770
0.673527
0.674248
0.674956
0.675659
0.676381
0.677081
0.677810
0.678524
0.679248
0.679967
0.680732
0.681438
0.682146
0.682862
0.683579
0.684298
0.685054
0.685762
0.686483
0.687184
0.687890
0.688657
0.689593
0.690323
0.691025
0.691721
0.692476
0.693191
0.693930
0.694644
0.695355
0.696061
0.696795
0.697518
0.698259
0.698958
0.699710
0.700424
0.701187
0.701889
0.702659
0.703380
0.704210
0.704931
0.705678
0.706456
0.707166
0.707880
0.708629
0.709370
0.710062
0.710791
0.711520
0.712274
0.712982
0.713730
0.714427
0.715123
0.715822
0.716600
0.717299
0.718083
0.718828
0.719692
0.720485
0.721218
0.721919
0.722686
0.723395
0.724173
0.724889
0.725615
0.726321
0.727040
0.727731
0.728480
0.729233
0.729951
0.730687
0.731383
0.732094
0.732838
0.733544
0.734241
0.734952
0.735669
0.736381
0.737129
0.737829
0.738567
0.739290
0.740003
0.740770
0.741488
0.742205
0.742916
0.743629
0.744353
0.745068
0.745793
0.746514
0.747238
0.747938
0.748776
0.749522
0.750242
0.750950
0.751715
0.752451
0.753201
0.753912
0.754742
0.755440
0.756152
0.756863
0.757584
0.758302
0.759083
0.759787
0.760513
0.761243
0.761966
0.762745
0.763433
0.764166
0.764930
0.765644
0.766348
0.767088
0.767806
0.768587
0.769310
0.770002
0.770787
0.771482
0.772208
0.772949
0.773684
0.774390
0.775090
0.775791
0.776512
0.777229
0.777928
0.778668
0.779402
0.780189
0.781088
0.782048
0.782984
0.783946
0.785007
0.785998
0.786892
0.787835
0.788860
0.789859
0.790824
0.791697
0.792512
0.793295
0.794019
0.794726
0.795422
0.796144
0.796926
0.797642
0.798339
0.799096
0.799788
0.800509
0.801241
0.802069
0.802825
0.803589
0.804301
0.805027
0.805857
0.806561
0.807242
0.807945
0.808673
0.809502
0.810205
0.810921
0.811610
0.812338
0.813032
0.813767
0.814448
0.815168
0.815868
0.816603
0.817330
0.818047
0.818787
0.819574
0.820289
0.821029
0.821742
0.822506
0.823371
0.824235
0.824965
0.825701
0.826515
0.827332
0.828054
0.828814
0.829525
0.830260
0.830989
0.831693
0.832452
0.833194
0.833937
0.834636
0.835432
0.836192
0.836904
0.837599
0.838314
0.839072
0.839802
0.840531
0.841274
0.841991
0.842681
0.843412
0.844156
0.844873
0.845571
0.846275
0.846987
0.847675
0.848418
0.849171
0.849904
0.850594
0.851347
0.852088
0.852887
0.853582
0.854326
0.855050
0.855788
0.856494
0.857223
0.857996
0.858737
0.859470
0.860192
0.860892
0.861604
0.862401
0.863103
0.863864
0.864606
0.865373
0.866110
0.866813
0.867531
0.868262
0.869047
0.869732
0.870467
0.871181
0.871906
0.872663
0.873368
0.874084
0.874789
0.875471
0.876230
0.876989
0.877723
0.878438
0.879216
0.879948
0.880685
0.881431
0.882183
0.882910
0.883674
0.884402
0.885169
0.885891
0.886628
0.887383
0.888120
0.888893
0.889625
0.890342
0.891071
0.891789
0.892522
0.893232
0.893944
0.894739
0.895464
0.896213
0.896918
0.897643
0.898398
0.899141
0.899913
0.900679
0.901446
0.902191
0.902893
0.903679
0.904432
0.905195
0.905905
0.906612
0.907312
0.908063
0.908857
0.909616
0.910337
0.911056
0.911802
0.912508
0.913241
0.914028
0.914729
0.915431
0.916140
0.916849
0.917544
0.918245
0.919028
0.919778
0.920475
0.921204
0.921911
0.922644
0.923359
0.924112
0.924815
0.925523
0.926227
0.926936
0.927614
0.928334
0.929089
0.929793
0.930491
0.931210
0.931979
0.932873
0.933797
0.934747
0.935684
0.936635
0.937494
0.938562
0.939438
0.940428
0.941350
0.942291
0.943243
0.944129
0.944837
0.945578
0.946270
0.946985
0.947711
0.948399
0.949155
0.949871
0.950603
0.951375
0.952119
0.952845
0.953556
0.954309
0.955130
0.955937
0.956705
0.957438
0.958135
0.958884
0.959610
0.960312
0.960997
0.961715
0.962407
0.963113
0.963838
0.964596
0.965330
0.966038
0.966746
0.967458
0.968164
0.968910
0.969692
0.970394
0.971101
0.971892
0.972704
0.973427
0.974122
0.974876
0.975636
0.976333
0.977041
0.977771
0.978479
0.979206
0.979951
0.980668
0.981429
0.982122
0.982837
0.983570
0.984270
0.984968
0.985944
0.986651
0.987378
0.988186
0.988945
0.989740
0.990448
0.991175
0.991898
0.992604
0.993327
0.994064
0.994781
0.995509
0.996235
0.996916
0.997650
0.998397
0.999153
0.999855
1.000577
1.001276
1.002014
1.002727
1.003514
1.004213
1.004987
1.005778
1.006498
1.007213
1.008012
1.008907
1.009620
1.010346
1.011480
1.012180
1.012910
1.013638
1.014398
1.015138
1.015831
1.016539
1.017235
1.017959
1.018793
1.019529
1.020294
1.021031
1.021796
1.022571
1.023301
1.023993
1.024732
1.025443
1.026161
1.026888
1.027692
1.028581
1.029420
1.030130
1.030838
1.031549
1.032244
1.032952
1.033649
1.034371
1.035114
1.035828
1.036554
1.037356
1.038150
1.038893
1.039583
1.040326
1.041069
1.041785
1.042497
1.043276
1.043987
1.044734
1.045450
1.046311
1.047039
1.047758
1.048523
1.049249
1.050014
1.050726
1.051458
1.052170
1.052934
1.053678
1.054484
1.055248
1.055994
1.056722
1.057422
1.058142
1.058837
1.059551
1.060254
1.060984
1.061682
1.062419
1.063143
1.063857
1.064546
1.065266
1.066027
1.066733
1.067442
1.068169
1.068873
1.069603
1.070351
1.071099
1.071813
1.072534
1.073238
1.073949
1.074666
1.075385
1.076139
1.076943
1.077628
1.078407
1.079132
1.079857
1.080554
1.081270
1.082079
1.082959
1.083804
1.084692
1.085559
1.086421
1.087242
1.088083
1.088920
1.089749
1.090628
1.091492
1.092287
1.093106
1.093952
1.094846
1.095704
1.096600
1.097507
1.098276
1.099118
1.099959
1.100765
1.101580
1.102322
1.103095
1.103866
1.104699
1.105413
1.106323
1.107056
1.107749
1.108454
1.109258
1.109966
1.110668
1.111369
1.112084
1.112790
1.113565
1.114410
1.115108
1.115866
1.116717
1.117494
1.118184
1.118955
1.119719
1.120464
1.121194
1.121944
1.122715
1.123465
1.124183
1.124937
1.125703
1.126416
1.127118
1.127846
1.128569
1.129293
1.129990
1.130757
1.131488
1.132214
1.132913
1.133643
1.134338
1.135053
1.135789
1.136558
1.137305
1.138099
1.138838
1.139722
1.140440
1.141157
1.141870
1.142582
1.143298
1.144019
1.144794
1.145557
1.146246
1.146956
1.147685
1.148443
1.149157
1.149868
1.150579
1.151286
1.152119
1.152966
1.153775
1.154613
1.155498
1.156361
1.157212
1.158080
1.158949
1.159656
1.160377
1.161098
1.161838
1.162552
1.163294
1.163991
1.164767
1.165451
1.166169
1.166875
1.167601
1.168347
1.169084
1.169781
1.170497
1.171195
1.171902
1.172685
1.173395
1.174086
1.174829
1.175537
1.176257
1.176973
1.177722
1.178458
1.179147
1.179854
1.180637
1.181336
1.182044
1.182774
1.183503
1.184254
1.185017
1.185706
1.186428
1.187193
1.187906
1.188666
1.189432
1.190138
1.190856
1.191556
1.192309
1.193023
1.193731
1.194434
1.195172
1.195887
1.196599
1.197335
1.198068
1.198856
1.199583
1.200330
1.201111
1.201883
1.202583
1.203281
1.204054
1.204794
1.205508
1.206223
1.206956
1.207635
1.208405
1.209114
1.209823
1.210521
1.211264
1.211963
1.212687
1.213367
1.214113
1.214803
1.215499
1.216218
1.216937
1.217667
1.218409
1.219155
1.219869
1.220581
1.221302
1.222034
1.222769
1.223467
1.224213
1.224937
1.225631
1.226341
1.227038
1.227772
1.228477
1.229208
1.229900
1.230611
1.231306
1.232075
1.232892
1.233736
1.234601
1.235515
1.236353
1.237225
1.238175
1.239051
1.239864
1.240712
1.241543
1.242275
1.242973
1.243698
1.244384
1.245081
1.245844
1.246619
1.247331
1.248042
1.248748
1.249557
1.250351
1.251198
1.252102
1.253013
1.253831
1.254703
1.255640
1.256392
1.257264
1.258062
1.258893
1.259727
1.260440
1.261201
1.261926
1.262649
1.263349
1.264164
1.264931
1.265621
1.266326
1.267107
1.267835
1.268580
1.269325
1.270054
1.270770
1.271513
1.272223
1.273000
1.273693
1.274440
1.275138
1.275840
1.276551
1.277277
1.277972
1.278681
1.279383
1.280144
1.280867
1.281601
1.282303
1.283020
1.283730
1.284472
1.285229
1.285979
1.286706
1.287400
1.288157
1.288897
1.289680
1.290356
1.291107
1.291803
1.292565
1.293293
1.293991
1.294685
1.295913
1.296654
1.297411
1.298124
1.298845
1.299554
1.300267
1.301010
1.301769
1.302467
1.303205
1.303988
1.304702
1.305429
1.306133
1.306883
1.307791
1.308477
1.309210
1.309920
1.310643
1.311345
1.312087
1.312770
1.313495
1.314234
1.314947
1.315755
1.316466
1.317212
1.317953
1.318713
1.319456
1.320198
1.320924
1.321685
1.322419
1.323163
1.323887
1.324649
1.325395
1.326146
1.326832
1.327579
1.328335
1.329117
1.329885
1.330580
1.331316
1.332045
1.332754
1.333472
1.334229
1.334940
1.335646
1.336367
1.337116
1.337869
1.338575
1.339294
1.340005
1.340706
1.341441
1.342214
1.342920
1.343615
1.344357
1.345080
1.345791
1.346498
1.347274
1.348495
1.349195
1.349947
1.350679
1.351462
1.352152
1.353449
1.354258
1.355051
1.355743
1.356437
1.357225
1.357948
1.358651
1.359555
1.360865
1.361611
1.362338
1.363054
1.363776
1.364497
1.365199
1.365941
1.366658
1.367420
1.368159
1.368863
1.369617
1.370343
1.371077
1.371823
1.372564
1.373322
1.374049
1.374775
1.375499
1.376210
1.376916
1.377654
1.378352
1.379065
1.379851
1.380572
1.381435
1.382261
1.383106
1.384084
1.384966
1.385918
1.386860
1.387813
1.388743
1.390196
1.391142
1.392001
1.392855
1.393709
1.394465
1.395160
1.395878
1.396586
1.397290
1.398022
1.398725
1.399498
1.400177
1.401014
1.401736
1.402887
1.403562
1.404282
1.405000
1.405706
1.406418
1.407447
1.408164
1.408859
1.409602
1.410308
1.411049
1.411776
1.412534
1.413255
1.414000
1.414693
1.415416
1.416111
1.416813
1.417569
1.418451
1.419171
1.420216
1.420913
1.421679
1.422415
1.423134
1.423893
1.424608
1.425331
1.426071
1.426783
1.427556
1.428268
1.428987
1.429727
1.430441
1.431140
1.431857
1.432638
1.433341
1.434130
1.434868
1.435579
1.436338
1.437048
1.437773
1.438532
1.439260
1.439968
1.440698
1.441433
1.442222
1.442915
1.443622
1.444376
1.445079
1.445785
1.446481
1.447227
1.447967
1.448664
1.449389
1.450155
1.450922
1.451616
1.452338
1.453050
1.453779
1.454502
1.455270
1.455984
1.456681
1.457426
1.458168
1.458871
1.459592
1.460292
1.461052
1.461751
1.462501
1.463216
1.463946
1.464621
1.465342
1.466149
1.466887
1.467599
1.468370
1.469119
1.469830
1.470546
1.471274
1.471997
1.472740
1.473532
1.474255
1.474988
1.475700
1.476440
1.477153
1.477878
1.478574
1.479320
1.480057
1.480767
1.481462
1.482217
1.482922
1.483650
1.484344
1.485068
1.485762
1.486531
1.487244
1.487974
1.488672
1.489370
1.490090
1.490833
1.491530
1.492297
1.492992
1.493701
1.494413
1.495167
1.495880
1.496585
1.497300
1.498076
1.498773
