0.004763
0.008540
0.012084
0.015667
0.019210
0.022763
0.026506
0.030141
0.033700
0.037558
0.041168
0.044669
0.048210
0.051978
0.055797
0.059504
0.063007
0.066599
0.070151
0.073745
0.077324
0.080903
0.084524
0.088181
0.091713
0.095337
0.098861
0.102449
0.106185
0.109733
0.113466
0.117041
0.120624
0.124542
0.128169
0.131723
0.135468
0.139022
0.142633
0.146144
0.149779
0.153317
0.157024
0.160562
0.164052
0.167624
0.171285
0.174880
0.178472
0.182018
0.185653
0.189313
0.192896
0.196442
0.200016
0.203565
0.207216
0.210750
0.214352
0.217997
0.221614
0.225215
0.228977
0.232544
0.236327
0.239874
0.243441
0.247087
0.250928
0.254832
0.258490
0.262137
0.265748
0.269349
0.272908
0.276560
0.280141
0.283674
0.287289
0.290886
0.294383
0.297967
0.301572
0.305159
0.308774
0.312389
0.315933
0.319512
0.323066
0.326671
0.330245
0.333992
0.337659
0.341314
0.344860
0.348452
0.352003
0.355580
0.359148
0.362682
0.366285
0.369898
0.373649
0.377965
0.381600
0.385223
0.388860
0.392427
0.396047
0.399600
0.403137
0.406850
0.410439
0.413945
0.417571
0.421163
0.424753
0.428301
0.431895
0.435487
0.439111
0.442662
0.446494
0.450099
0.453805
0.457404
0.461028
0.464669
0.468329
0.471900
0.475574
0.479152
0.482795
0.486457
0.490059
0.493608
0.497177
0.500784
0.504273
0.507976
0.511539
0.515188
0.518834
0.522434
0.526013
0.529665
0.533225
0.536916
0.540481
0.544011
0.547646
0.551225
0.554799
0.558562
0.562144
0.565711
0.569269
0.572838
0.576461
0.580046
0.583612
0.587282
0.590969
0.594547
0.598153
0.601728
0.605290
0.608983
0.612521
0.616106
0.619761
0.623411
0.627142
0.630696
0.634327
0.638087
0.641644
0.645237
0.648844
0.652439
0.656161
0.659673
0.663281
0.666884
0.670508
0.674080
0.677741
0.681333
0.684973
0.688632
0.692222
0.695775
0.699365
0.702993
0.706710
0.710320
0.713835
0.717446
0.721082
0.724615
0.728355
0.732019
0.735650
0.739253
0.742747
0.746460
0.750052
0.753662
0.757276
0.760880
0.764486
0.768176
0.771783
0.778238
0.781954
0.785613
0.789165
0.792825
0.796340
0.800053
0.803665
0.807257
0.810829
0.814435
0.817965
0.821572
0.825168
0.828907
0.832563
0.836176
0.839823
0.843379
0.846888
0.850591
0.854102
0.857628
0.861217
0.864785
0.868297
0.871912
0.875456
0.879099
0.882675
0.886328
0.889951
0.893513
0.897133
0.900762
0.904446
0.907980
0.911606
0.915188
0.918768
0.922372
0.925994
0.929643
0.933373
0.936909
0.940560
0.944127
0.947714
0.951327
0.954900
0.958458
0.962069
0.965665
0.969287
0.973019
0.976758
0.980396
0.983959
0.987520
0.991186
0.994788
0.998467
1.002059
1.005600
1.009211
1.012795
1.016414
1.019961
1.023615
1.027260
1.030884
1.034436
1.038002
1.041770
1.045372
1.048993
1.052576
1.056144
1.059963
1.063550
1.067116
1.070706
1.074274
1.077939
1.081558
1.085180
1.088861
1.092457
1.096092
1.099694
1.103316
1.106879
1.110538
1.114114
1.117633
1.121472
1.125079
1.128652
1.132327
1.135958
1.139604
1.143289
1.146891
1.150555
1.154155
1.157704
1.161359
1.164979
1.168512
1.172101
1.175748
1.179368
1.183008
1.186589
1.190144
1.193716
1.197259
1.200982
1.204464
1.208059
1.211677
1.215383
1.218950
1.222587
1.226298
1.229912
1.233490
1.237156
1.240791
1.244895
1.248430
1.252016
1.255609
1.259254
1.262917
1.266522
1.270176
1.273736
1.277280
1.280861
1.284421
1.287934
1.291550
1.295156
1.298747
1.302313
1.305840
1.309371
1.313196
1.316753
1.320359
1.323985
1.327624
1.331235
1.334852
1.338351
1.342051
1.345629
1.349219
1.352785
1.356358
1.360011
1.363623
1.367235
1.370862
1.374413
1.378061
1.381772
1.385333
1.388984
1.392553
1.396184
1.399804
1.403353
1.406940
1.410534
1.414044
1.417590
1.421165
1.424815
1.428410
1.432032
1.435562
1.439083
1.442731
1.446267
1.449851
1.453510
1.457026
1.460665
1.464333
1.467892
1.471450
1.475004
1.478585
1.482216
1.485806
1.489817
1.493986
1.498021
1.501607
1.505152
1.508857
1.512503
1.516077
1.519644
1.523186
1.526809
1.530444
1.534000
1.537562
1.541253
1.544771
1.548312
1.551891
1.555376
1.559001
1.562492
1.566076
1.569726
1.573304
1.576898
1.580576
1.584150
1.587638
1.591218
1.594714
1.598299
1.601856
1.605393
1.608948
1.612480
1.616098
1.619623
1.623181
1.626776
1.630375
1.634050
1.637689
1.641502
1.645060
1.648661
1.652236
1.655799
1.659366
1.663006
1.666552
1.670437
1.674019
1.677670
1.681265
1.684812
1.688359
1.692055
1.695626
1.699228
1.702805
1.706372
1.709898
1.713498
1.717051
1.720667
1.724182
1.727878
1.731428
1.735010
1.738625
1.742211
1.745721
1.749493
1.753081
1.756714
1.760303
1.763827
1.767474
1.770995
1.774573
1.778255
1.781786
1.785362
1.788914
1.792477
1.796041
1.799565
1.803136
1.806660
1.810169
1.813735
1.817359
1.820915
1.824551
1.828183
1.831765
1.835593
1.839483
1.843054
1.846593
1.850172
1.853724
1.857326
1.860906
1.864370
1.867907
1.871450
1.875122
1.878638
1.882168
1.885694
1.889307
1.892801
1.896384
1.899901
1.903526
1.907057
1.910573
1.914200
1.917790
1.921333
1.924966
1.928512
1.932091
1.935662
1.939507
1.943123
1.946604
1.950341
1.953963
1.957529
1.961090
1.964721
1.968309
1.971916
1.975477
1.979074
1.982596
1.986250
1.989828
1.993492
1.997001
2.000569
2.004078
2.007637
2.011153
2.014680
2.018299
2.021888
2.025492
2.029104
2.032554
2.036134
2.039909
2.043454
2.046955
2.050534
2.054207
2.058074
2.061615
2.065188
2.068750
2.072317
2.075912
2.079439
2.082999
2.086593
2.090191
2.093670
2.097232
2.100785
2.104336
2.107883
2.111437
2.115045
2.118596
2.122136
2.125627
2.129195
2.132721
2.136339
2.140069
2.143614
2.147107
2.150652
2.154255
2.157842
2.161336
2.164834
2.168361
2.172101
2.175717
2.179272
2.182816
2.186392
2.189923
2.193514
2.197113
2.200715
2.204334
2.208189
2.212201
2.216427
2.220058
2.223622
2.227108
2.231113
2.234768
2.238417
2.241951
2.245512
2.249023
2.253500
2.257093
2.260662
2.264172
2.267673
2.271309
2.274838
2.278544
2.282234
2.285797
2.289382
2.292933
2.296536
2.300107
2.303697
2.307243
2.311048
2.314558
2.318122
2.321780
2.325317
2.328871
2.332453
2.336153
2.339738
2.343292
2.346820
2.350323
2.353949
2.357481
2.360978
2.364532
2.368034
2.371591
2.375124
2.378683
2.382286
2.385929
2.389488
2.393159
2.396687
2.400177
2.403888
2.407385
2.410965
2.414531
2.418077
2.421779
2.425290
2.428835
2.432474
2.436122
2.439752
2.443336
2.446919
2.450491
2.454064
2.457623
2.461199
2.464774
2.468326
2.471937
2.475495
2.479041
2.482560
2.486034
2.489593
2.493200
2.496789
2.500320
2.504040
2.507569
2.511124
2.514663
2.518263
2.521847
2.525364
2.528929
2.532570
2.536229
2.539733
2.543253
2.546786
2.550298
2.553945
2.557495
2.561050
2.564612
2.568092
2.571718
2.575217
2.578802
2.582532
2.586197
2.589811
2.593444
2.596967
2.600553
2.604136
2.607723
2.611368
2.615057
2.618665
2.622323
2.625914
2.629472
2.633237
2.636987
2.640605
2.644215
2.647792
2.651453
2.655128
2.658682
2.662277
2.665810
2.669351
2.672969
2.676482
2.680001
2.683598
2.687199
2.690747
2.694285
2.698024
2.701625
2.705211
2.708804
2.712392
2.715919
2.719457
2.723102
2.726713
2.730281
2.733973
2.737556
2.741133
2.744703
2.748329
2.751951
2.755600
2.759121
2.762632
2.766161
2.769893
2.773453
2.777035
2.780555
2.784173
2.787727
2.791331
2.794866
2.798390
2.801983
2.805571
2.809057
2.812938
2.816486
2.820117
2.823866
2.827391
2.831017
2.834716
2.838331
2.841971
2.845482
2.848985
2.852665
2.856238
2.859786
2.863322
2.866853
2.870503
2.874063
2.877596
2.881203
2.884804
2.888427
2.892162
2.895768
2.899226
2.902851
2.906367
2.909917
2.913538
2.917063
2.920595
2.924164
2.927682
2.931769
2.936133
2.940045
2.943659
2.947170
2.950782
2.954287
2.957952
2.961484
2.965032
2.968608
2.972242
2.975831
2.979394
2.983031
2.986593
2.990108
2.993690
2.997176
3.000902
3.004516
3.008125
3.011647
3.015202
3.018844
3.022524
3.026067
3.029833
3.033565
3.037347
3.040931
3.044552
3.048082
3.051792
3.055434
3.059016
3.062598
3.066130
3.069697
3.073249
3.076777
3.080370
3.083923
3.087524
3.091157
3.094698
3.098261
3.101791
3.105414
3.108894
3.112522
3.116048
3.119668
3.123230
3.126767
3.130352
3.133914
3.137526
3.141116
3.144786
3.148354
3.151909
3.155482
3.159050
3.162566
3.166067
3.169613
3.173150
3.176685
3.180268
3.183842
3.187413
3.190966
3.194537
3.198047
3.201638
3.205244
3.208822
3.212417
3.216018
3.219633
3.223236
3.226709
3.230239
3.233896
3.237540
3.241102
3.244655
3.248648
3.252352
3.256113
3.259641
3.263154
3.266762
3.270313
3.273871
3.277401
3.281018
3.284548
3.288164
3.291674
3.295250
3.298763
3.302492
3.306040
3.309605
3.313225
3.316832
3.320422
3.323922
3.327556
3.331206
3.334859
3.338503
3.342101
3.345594
3.349175
3.352658
3.356234
3.359766
3.363305
3.366816
3.370406
3.373955
3.377492
3.381030
3.384592
3.388085
3.391640
3.395206
3.398768
3.402322
3.405925
3.409503
3.413131
3.416712
3.420293
3.423918
3.427518
3.431114
3.434898
3.438637
3.442216
3.445821
3.449364
3.452954
3.456608
3.460158
3.463652
3.467228
3.470818
3.474412
3.477942
3.481573
3.485119
3.488711
3.492296
3.495926
3.499531
3.503090
3.506724
3.510314
3.513955
3.517597
3.521251
3.524781
3.528310
3.531901
3.535563
3.539228
3.542768
3.546292
3.549892
3.553611
3.557152
3.560730
3.564274
3.567908
3.571550
3.575086
3.578860
3.582572
3.586160
3.589714
3.593379
3.596943
3.600520
3.604098
3.607736
3.611452
3.615061
3.618708
3.622353
3.625921
3.629617
3.633302
3.637303
3.641088
3.644797
3.648817
3.652979
3.656944
3.660592
3.664216
3.667766
3.671288
3.674823
3.678450
3.682053
3.685556
3.689352
3.692914
3.696430
3.700001
3.703488
3.707037
3.710761
3.714358
3.718018
3.721629
3.725147
3.728737
3.732213
3.735834
3.739409
3.743044
3.746590
3.750197
3.753726
3.757327
3.760882
3.764516
3.768041
3.771563
3.775105
3.778839
3.782483
3.786092
3.789708
3.793243
3.796780
3.800294
3.803912
3.807492
3.811028
3.814545
3.818177
3.821800
3.825347
3.828884
3.832495
3.836065
3.839766
3.843636
3.847301
3.850847
3.854416
3.857992
3.861566
3.865173
3.868781
3.872316
3.875990
3.879634
3.883159
3.886719
3.890265
3.893809
3.897545
3.901064
3.904605
3.908223
3.911745
3.915370
3.918970
3.922446
3.926009
3.929578
3.933185
3.936831
3.940395
3.943986
3.947623
3.951115
3.954673
3.958310
3.961861
3.965457
3.969067
3.972606
3.976174
3.979818
3.983375
3.986972
3.990546
3.994098
3.997644
4.001245
4.004805
4.008538
4.012068
4.015743
4.019333
4.022832
4.026402
4.030097
4.033753
4.037316
4.040894
4.044428
4.048388
4.051927
4.055503
4.059097
4.062668
4.066264
4.069767
4.073370
4.077094
4.080646
4.084190
4.087791
4.091327
4.094838
4.098413
4.101951
4.105480
4.109038
4.112649
4.116149
4.119843
4.123389
4.127001
4.130535
4.134104
4.137627
4.141245
4.144756
4.148358
4.151814
4.155393
4.159008
4.162582
4.166174
4.169802
4.173363
4.176947
4.180598
4.184232
4.187779
4.191434
4.194986
4.198570
4.202091
4.205649
4.209260
4.212816
4.216445
4.219971
4.223538
4.227225
4.230790
4.234441
4.238065
4.241804
4.245426
4.249042
4.252607
4.256175
4.259768
4.263327
4.266908
4.270386
4.273914
4.277522
4.281060
4.284629
4.288188
4.291721
4.295248
4.298983
4.302547
4.306054
4.309716
4.313267
4.316961
4.320560
4.324134
4.327747
4.331446
4.335000
4.338606
4.342194
4.345866
4.349360
4.352897
4.356457
4.360036
4.363569
4.367441
4.371603
4.375594
4.379306
4.382875
4.386400
4.390182
4.393805
4.397411
4.400932
4.404605
4.408209
4.411868
4.415434
4.419023
4.422708
4.426301
4.429945
4.433497
4.437101
4.440628
4.444314
4.447763
4.451290
4.454794
4.458371
4.461952
4.465508
4.469087
4.472642
4.476222
4.479817
4.483381
4.486903
4.490505
4.494068
4.497645
4.501254
4.505085
4.508624
4.512336
4.515854
4.519431
4.522967
4.526536
4.530120
4.533702
4.537390
4.541038
4.544675
4.548291
4.551834
4.555367
4.558994
4.562596
4.566121
4.569767
4.573277
4.576908
4.580487
4.584085
4.587667
4.591250
4.594857
4.598428
4.602072
4.605649
4.609256
4.612938
4.616492
4.620081
4.623686
4.627332
4.630972
4.634540
4.638108
4.641741
4.645396
4.649014
4.652620
4.656165
4.659786
4.663335
4.666894
4.670428
4.674019
4.677659
4.681217
4.684847
4.688416
4.691932
4.695508
4.699034
4.702638
4.706185
4.709830
4.713441
4.716979
4.720551
4.724173
4.727776
4.731354
4.734984
4.738585
4.742184
4.745818
4.749345
4.752874
4.756471
4.760130
4.763797
4.767334
4.770914
4.774449
4.778136
4.781674
4.785228
4.788757
4.792251
4.795841
4.799394
4.802943
4.806505
4.810164
4.813830
4.817332
4.820900
4.824599
4.828339
4.831951
4.835482
4.839081
4.842738
4.846411
4.849972
4.853467
4.856998
4.860625
4.864211
4.867756
4.871295
4.874880
4.878492
4.882102
4.885689
4.889229
4.892814
4.896428
4.899963
4.903528
4.907107
4.910834
4.914368
4.917930
4.921435
4.925076
4.928785
4.932387
4.935959
4.939655
4.943289
4.946874
4.950475
4.954010
4.957482
4.961073
4.964604
4.968202
4.971783
4.975407
4.978999
4.982638
4.986205
4.989686
4.993321
4.996931
5.000462
5.004056
5.007582
5.011204
5.014793
5.018419
5.022036
5.025530
5.029250
5.032876
5.036392
5.039945
5.043837
5.047962
5.051931
5.055477
5.059090
5.062815
5.066375
5.069892
5.073496
5.077131
5.080648
5.084146
5.087703
5.091812
5.095919
5.099751
5.103372
5.107199
5.110857
5.114438
5.118026
5.121604
5.125272
5.128951
5.132605
5.136219
5.139681
5.143375
5.146889
5.150414
5.154025
5.157545
5.161202
5.164736
5.168257
5.171813
5.175401
5.178896
5.182435
5.185952
5.189517
5.193127
5.196609
5.200196
5.203765
5.207340
5.210855
5.214431
5.217950
5.221553
5.225170
5.228763
5.232330
5.235847
5.239375
5.243111
5.246727
5.250334
5.253909
5.257450
5.261110
5.264716
5.268270
5.271878
5.275476
5.279000
5.282563
5.286225
5.289830
5.293401
5.296960
5.300502
5.304074
5.307595
5.311264
5.314782
5.318344
5.321942
5.325494
5.329090
5.332717
5.336273
5.339862
5.343473
5.347057
5.350531
5.354069
5.357596
5.361167
5.364709
5.368295
5.371808
5.375399
5.378922
5.382468
5.386041
5.389577
5.393167
5.396703
5.400360
5.403891
5.407539
5.411147
5.414691
5.418246
5.421850
5.425392
5.429071
5.432818
5.436355
5.439908
5.443663
5.447228
5.450765
5.454288
5.457849
5.461463
5.464996
5.468517
5.472139
5.475630
5.479190
5.482764
5.486302
5.489871
5.493466
5.497087
5.500688
5.504257
5.507820
5.511616
5.515189
5.518732
5.522249
5.525907
5.529400
5.532982
5.536505
5.540077
5.543738
5.547351
5.550905
5.554481
5.558011
5.561628
5.565213
5.568756
5.572474
5.576057
5.579612
5.583291
5.586800
5.590419
5.593892
5.597492
5.600998
5.604508
5.608096
5.611759
5.615317
5.618968
5.622524
5.626182
5.629740
5.633370
5.636925
5.640499
5.644091
5.647622
5.651171
5.654755
5.658267
5.661849
5.665366
5.668884
5.672469
5.676008
5.679530
5.683097
5.686628
5.690360
5.694011
5.697472
5.701066
5.704674
5.708203
5.711859
5.715363
5.718912
5.722714
5.726357
5.730022
5.733811
5.737419
5.741033
5.744759
5.748300
5.752309
5.755887
5.759397
5.763040
5.766563
5.770234
5.773797
5.777447
5.781139
5.784667
5.788167
5.791764
5.795794
5.799477
5.803068
5.807112
5.811255
5.815132
5.818663
5.822264
5.826246
5.829941
5.833872
5.837387
5.840961
5.845154
5.848734
5.852425
5.855958
5.859537
5.863195
5.866708
5.870267
5.873824
5.877494
5.881042
5.884622
5.888118
5.891676
5.895206
5.898761
5.902327
5.905923
5.909493
5.913123
5.916662
5.920236
5.923785
5.927397
5.931013
5.934585
5.938102
5.941696
5.945283
5.948866
5.952400
5.955945
5.959502
5.963045
5.966584
5.970159
5.973763
5.977404
5.980942
5.984482
5.987979
5.991517
5.995082
5.998627
6.002198
6.005859
6.009483
6.013117
6.016639
6.020288
6.024179
6.027936
6.031562
6.035076
6.038725
6.042397
6.046079
6.049665
6.053220
6.056768
6.060436
6.063975
6.067516
6.071008
6.074528
6.078242
6.081854
6.085449
6.089046
6.092648
6.096205
6.099784
6.103369
6.106950
6.110527
6.114128
6.117739
6.121247
6.124865
6.128361
6.132010
6.135568
6.139099
6.142722
6.146315
6.149885
6.153644
6.157232
6.160911
6.164462
6.167993
6.171615
6.175183
6.178697
6.182268
6.185856
6.189432
6.192998
6.196582
6.200146
6.203719
6.207257
6.210821
6.214414
6.217896
6.221486
6.225080
6.228656
6.232363
6.235960
6.239502
6.243425
6.246950
6.250463
6.254069
6.257584
6.261514
6.265073
6.268661
6.272184
6.275736
6.279276
6.282910
6.286488
6.290075
6.293737
6.297307
6.300902
6.304483
6.308011
6.311673
6.315143
6.318732
6.322358
6.326012
6.329659
6.333224
6.337142
6.340754
6.344376
6.347915
6.351549
6.355117
6.358656
6.362300
6.365885
6.369623
6.373175
6.377226
6.380803
6.384375
6.387966
6.391531
6.395107
6.398629
6.402208
6.405800
6.409392
6.412971
6.416520
6.420087
6.423681
6.427205
6.430801
6.434334
6.437889
6.441552
6.445145
6.448709
6.452321
6.455840
6.459444
6.463033
6.466551
6.470128
6.473684
6.477232
6.480789
6.484304
6.487853
6.491521
6.495072
6.498586
6.502186
6.505718
6.509354
6.512944
6.516479
6.520170
6.523742
6.527794
6.531844
6.535874
6.539408
6.543090
6.546737
6.550256
6.553926
6.557446
6.561265
6.564884
6.568431
6.571984
6.575659
6.579270
6.582818
6.586404
6.589918
6.593667
6.597145
6.600680
6.604266
6.607769
6.611339
6.614879
6.618371
6.621943
6.625574
6.629227
6.632728
6.636336
6.639812
6.643541
6.647123
6.650703
6.654219
6.657795
6.661386
6.664930
6.668480
6.672069
6.675637
6.679198
6.682789
6.686628
6.690166
6.693733
6.697308
6.700768
6.704419
6.707930
6.711529
6.715058
6.718583
6.722133
6.725739
6.729300
6.732916
6.736424
6.740030
6.743738
6.747256
6.750751
6.754273
6.757787
6.761387
6.764887
6.768388
6.771920
6.775476
6.779011
6.782528
6.786062
6.789768
6.793362
6.796903
6.800439
6.804028
6.807575
6.811103
6.814712
6.818218
6.821796
6.825560
6.829143
6.832663
6.836186
6.839725
6.843397
6.846877
6.850452
6.854027
6.857538
6.861126
6.864716
6.868226
6.871851
6.875443
6.878977
6.882519
6.886079
6.889640
6.893278
6.896852
6.900453
6.904280
6.907902
6.911528
6.915068
6.918602
6.922213
6.925817
6.929407
6.932909
6.936451
6.939976
6.943626
6.947190
6.950802
6.954428
6.957917
6.961510
6.965079
6.968558
6.972151
6.975782
6.979365
6.982914
6.986430
6.990003
6.993661
6.997203
7.000699
7.004272
7.007859
7.011574
7.015233
7.018725
7.022271
7.025880
7.029601
7.033175
7.036696
7.040316
7.044189
7.047733
7.051283
7.054823
7.058393
7.061984
7.065554
7.069087
7.072824
7.076411
7.079991
7.083513
7.087070
7.090640
7.094365
7.097898
7.101429
7.105002
7.108568
7.112135
7.115731
7.119318
7.122874
7.126556
7.130157
7.133739
7.137331
7.140864
7.144568
7.148117
7.151713
7.155331
7.158867
7.162445
7.166030
7.169597
7.173134
7.176727
7.180402
7.183985
7.187540
7.191238
7.194782
7.198332
7.201853
7.205606
