0.001786
0.003239
0.004660
0.006051
0.007463
0.008799
0.010180
0.011532
0.012903
0.014252
0.015667
0.017025
0.018377
0.019758
0.021106
0.022446
0.023794
0.025155
0.026514
0.028107
0.029741
0.031265
0.032821
0.034418
0.036412
0.037940
0.039517
0.041122
0.042684
0.044225
0.045604
0.047052
0.048501
0.049956
0.051303
0.052630
0.053981
0.055354
0.056780
0.058347
0.059751
0.061099
0.062432
0.064030
0.065516
0.066857
0.068183
0.069643
0.071061
0.072502
0.073874
0.075310
0.076606
0.077921
0.079325
0.080644
0.082028
0.083364
0.084703
0.086169
0.087488
0.088853
0.090220
0.091611
0.092972
0.094287
0.095663
0.097064
0.098506
0.099905
0.101243
0.102575
0.103949
0.105306
0.106634
0.108007
0.109391
0.110758
0.112122
0.113469
0.114824
0.116188
0.117500
0.118833
0.120148
0.121491
0.122790
0.124110
0.125474
0.126782
0.128089
0.129466
0.130900
0.132263
0.133568
0.134860
0.136206
0.138020
0.139395
0.140712
0.141987
0.143276
0.144580
0.145974
0.147319
0.148629
0.150069
0.151407
0.152814
0.154159
0.155537
0.156904
0.158330
0.159701
0.161041
0.162747
0.164080
0.165446
0.166883
0.168202
0.169531
0.170890
0.172253
0.173555
0.174913
0.176303
0.177663
0.179098
0.180420
0.181780
0.183200
0.184488
0.185785
0.187112
0.188456
0.189819
0.191157
0.192519
0.193840
0.195207
0.196547
0.197877
0.199298
0.200639
0.202035
0.203364
0.204662
0.206030
0.207417
0.208769
0.210172
0.211558
0.212954
0.214317
0.215718
0.217059
0.218401
0.219746
0.221108
0.222441
0.223815
0.225180
0.226528
0.227987
0.229340
0.230729
0.232129
0.233485
0.234828
0.236200
0.237539
0.238910
0.240286
0.241577
0.242876
0.244349
0.245737
0.247110
0.248458
0.249854
0.251306
0.252697
0.254064
0.255466
0.256862
0.258223
0.259616
0.260955
0.262311
0.263688
0.265064
0.266412
0.267800
0.269181
0.270556
0.271910
0.273286
0.274642
0.276006
0.277407
0.278817
0.280216
0.281634
0.282971
0.284311
0.285679
0.287047
0.288419
0.289847
0.291194
0.292601
0.294046
0.295445
0.296821
0.298135
0.299514
0.300936
0.302310
0.303685
0.305031
0.306417
0.307759
0.309143
0.310798
0.312419
0.314240
0.316218
0.318022
0.319774
0.321429
0.322936
0.324323
0.325691
0.327107
0.328454
0.329793
0.331173
0.332582
0.334181
0.335495
0.336869
0.338165
0.339445
0.340798
0.342146
0.343532
0.344964
0.346323
0.347694
0.349044
0.350495
0.351905
0.353253
0.354564
0.355872
0.357159
0.358595
0.360011
0.361470
0.362795
0.364105
0.365530
0.366897
0.368338
0.369717
0.371011
0.372352
0.373710
0.375070
0.376471
0.377839
0.379181
0.380598
0.381884
0.383290
0.384639
0.386059
0.387385
0.388748
0.390108
0.391456
0.392848
0.394229
0.395644
0.397037
0.398375
0.399768
0.401051
0.402461
0.403819
0.405203
0.406571
0.407937
0.409325
0.410685
0.412065
0.413416
0.414773
0.416164
0.417520
0.418868
0.420187
0.421496
0.422789
0.424090
0.425477
0.426786
0.428099
0.429487
0.430836
0.432242
0.433610
0.434953
0.436316
0.438106
0.439414
0.440759
0.442090
0.443498
0.444803
0.446142
0.447453
0.448857
0.450206
0.451543
0.452953
0.454329
0.455703
0.457125
0.458475
0.459834
0.461237
0.462597
0.463906
0.465303
0.466641
0.468025
0.469398
0.471206
0.472588
0.473891
0.475263
0.476559
0.477918
0.479268
0.480613
0.481961
0.483338
0.484671
0.486017
0.487383
0.488710
0.490051
0.491513
0.492906
0.494268
0.495604
0.497037
0.498376
0.499719
0.501056
0.502460
0.503847
0.505226
0.506583
0.507990
0.509321
0.510671
0.512043
0.513391
0.514917
0.516290
0.517634
0.519042
0.520349
0.521680
0.523081
0.524451
0.525750
0.527132
0.528481
0.529824
0.531194
0.532554
0.534002
0.535365
0.536713
0.538101
0.539466
0.540853
0.542274
0.543636
0.544956
0.546332
0.547708
0.549036
0.550437
0.551782
0.553172
0.554778
0.556280
0.557618
0.559043
0.560329
0.561677
0.563018
0.564420
0.565773
0.567144
0.568517
0.569920
0.571329
0.572764
0.574175
0.575554
0.576900
0.578298
0.579688
0.581041
0.582417
0.583824
0.585170
0.586547
0.588242
0.590046
0.591922
0.593959
0.595636
0.597382
0.599173
0.600694
0.602057
0.603543
0.604922
0.606305
0.607689
0.609060
0.610452
0.611784
0.613142
0.614557
0.615990
0.617319
0.618685
0.620301
0.621610
0.623010
0.624382
0.625834
0.627215
0.628589
0.629949
0.631292
0.632647
0.634035
0.635481
0.636828
0.638204
0.639512
0.640895
0.642223
0.643624
0.644971
0.646344
0.647739
0.649096
0.650484
0.651844
0.653187
0.654674
0.656009
0.657340
0.658680
0.659980
0.661305
0.662623
0.663984
0.665342
0.666701
0.668025
0.669377
0.670753
0.672104
0.673475
0.674836
0.676170
0.677532
0.678885
0.680211
0.681548
0.682898
0.684272
0.685620
0.686958
0.688380
0.689785
0.691232
0.692605
0.694000
0.695363
0.696731
0.698081
0.699425
0.700770
0.702133
0.703480
0.705171
0.706566
0.708061
0.709409
0.710755
0.712123
0.713503
0.714872
0.716255
0.717614
0.718945
0.720300
0.721783
0.723222
0.724549
0.725890
0.727234
0.728567
0.729897
0.731259
0.732620
0.733972
0.735361
0.736705
0.738051
0.739399
0.740858
0.742208
0.743588
0.744987
0.746294
0.747626
0.748937
0.750230
0.751596
0.752908
0.754247
0.755796
0.757168
0.758493
0.759839
0.761167
0.762517
0.763932
0.765333
0.766672
0.767997
0.769377
0.770784
0.772181
0.773646
0.774989
0.776369
0.777746
0.779091
0.780448
0.781869
0.783211
0.784616
0.785956
0.787301
0.788679
0.790108
0.791636
0.793036
0.794368
0.795729
0.797097
0.798447
0.799787
0.801183
0.802546
0.803929
0.805326
0.806710
0.808155
0.809545
0.811019
0.812438
0.813816
0.815219
0.816559
0.817912
0.819273
0.820689
0.822073
0.823407
0.824759
0.826113
0.827412
0.828744
0.830027
0.831345
0.832686
0.834074
0.835479
0.836875
0.838249
0.839653
0.841049
0.842449
0.843801
0.845163
0.846541
0.847909
0.849235
0.850634
0.851987
0.853358
0.854724
0.856139
0.857566
0.858919
0.860312
0.861696
0.863038
0.864464
0.865873
0.867494
0.869284
0.871192
0.873105
0.874927
0.876981
0.878496
0.879812
0.881167
0.882478
0.883785
0.885148
0.886529
0.887957
0.889474
0.890840
0.892223
0.893589
0.894966
0.896362
0.897741
0.899124
0.900498
0.901864
0.903218
0.904634
0.907503
0.908832
0.910157
0.911496
0.912809
0.914106
0.915446
0.916773
0.918128
0.919463
0.920883
0.922354
0.923746
0.925137
0.926484
0.927848
0.929196
0.930551
0.931932
0.933302
0.934699
0.936046
0.937396
0.938817
0.940299
0.941654
0.942989
0.944366
0.945790
0.947103
0.948447
0.949733
0.951043
0.952350
0.953706
0.955084
0.956517
0.957880
0.959235
0.960618
0.961978
0.963318
0.964777
0.966143
0.967458
0.968846
0.970222
0.971564
0.972959
0.974399
0.975850
0.977248
0.978580
0.979939
0.981307
0.982648
0.984042
0.985431
0.986789
0.988194
0.989539
0.990922
0.992293
0.993687
0.995040
0.996450
0.997817
0.999186
1.000580
1.001915
1.013219
1.014586
1.015953
1.017302
1.022768
1.024062
1.025433
1.026787
1.028122
1.029496
1.035365
1.036740
1.038038
1.039343
1.040636
1.041896
1.047837
1.049118
1.050421
1.051728
1.052980
1.063633
1.064952
1.066251
1.067600
1.068997
1.070343
1.076880
1.078184
1.079481
1.080762
1.082060
1.083361
1.084712
1.086009
1.087423
1.088751
1.090124
1.091655
1.093231
1.094861
1.096458
1.098129
1.099470
1.101362
1.102872
1.104405
1.105799
1.107176
1.108550
1.109893
1.111231
1.112566
1.113916
1.115317
1.116694
1.118060
1.119411
1.120751
1.122119
1.123463
1.124815
1.126238
1.127577
1.129146
1.130526
1.131963
1.133337
1.134845
1.136173
1.137580
1.138899
1.140218
1.141593
1.142914
1.144247
1.145672
1.146961
1.148271
1.149720
1.151260
1.152606
1.153956
1.155312
1.156688
1.158045
1.159372
1.160728
1.162066
1.163470
1.165110
1.166480
1.167802
1.169187
1.170534
1.171873
1.173237
1.174628
1.176001
1.177364
1.178730
1.180099
1.181492
1.182854
1.184794
1.186805
1.188550
1.190318
1.192095
1.193841
1.195243
1.196749
1.198135
1.199516
1.200873
1.202223
1.203575
1.205048
1.206387
1.207766
1.209123
1.210469
1.211820
1.213410
1.215523
1.216899
1.218265
1.219581
1.220988
1.222341
1.223681
1.225107
1.226402
1.227697
1.229121
1.230480
1.231879
1.233238
1.234576
1.235963
1.237353
1.238684
1.240015
1.241412
1.242761
1.244144
1.245590
1.246971
1.248394
1.249818
1.251133
1.252508
1.253834
1.255189
1.256530
1.257919
1.259294
1.260661
1.262063
1.263379
1.264731
1.266165
1.267499
1.268925
1.270256
1.271580
1.272994
1.274332
1.275697
1.277124
1.278458
1.279747
1.281106
1.282459
1.283770
1.285157
1.286483
1.287815
1.289206
1.290562
1.291954
1.293298
1.294673
1.296239
1.297651
1.299078
1.300463
1.301821
1.303188
1.304530
1.305921
1.307274
1.308632
1.309992
1.311332
1.312748
1.314085
1.315443
1.316805
1.318165
1.319506
1.320883
1.322257
1.323634
1.325060
1.326425
1.327777
1.329169
1.330533
1.331899
1.333309
1.334673
1.335992
1.337398
1.338796
1.340134
1.341558
1.342909
1.344275
1.345654
1.347049
1.348386
1.349762
1.351099
1.352482
1.353882
1.355242
1.356570
1.357901
1.359227
1.360572
1.361974
1.363310
1.364652
1.366061
1.367412
1.368778
1.370135
1.371470
1.372853
1.374166
1.375538
1.376946
1.378315
1.379688
1.381081
1.382449
1.383739
1.385101
1.386426
1.387763
1.389165
1.390515
1.391851
1.393215
1.394532
1.395911
1.397314
1.398667
1.399999
1.401390
1.402748
1.404033
1.405442
1.406807
1.408170
1.409603
1.410953
1.412432
1.413782
1.415174
1.416672
1.418051
1.419407
1.420774
1.422076
1.423401
1.424812
1.426178
1.427540
1.429089
1.430420
1.431757
1.433154
1.434506
1.435802
1.437162
1.438532
1.439887
1.441274
1.442599
1.443956
1.445346
1.446759
1.448181
1.449537
1.450881
1.452230
1.453673
1.455083
1.456447
1.457804
1.459156
1.460929
1.462978
1.465043
1.466808
1.468566
1.470294
1.471634
1.473034
1.474380
1.475700
1.477118
1.478460
1.479899
1.481315
1.482641
1.484043
1.485403
1.486718
1.488076
1.489434
1.490750
1.492130
1.493513
1.494892
1.496519
1.498036
1.499657
1.500956
1.502341
1.503725
1.505025
1.506351
1.507613
1.508979
1.510262
1.511512
1.512915
1.514382
1.515795
1.517139
1.518490
1.519854
1.521205
1.522532
1.523957
1.525279
1.526568
1.527956
1.529370
1.530791
1.532216
1.533572
1.534929
1.536287
1.537642
1.539018
1.540388
1.541752
1.543111
1.544492
1.545885
1.547230
1.548593
1.549976
1.551319
1.552665
1.554080
1.555476
1.556872
1.558221
1.559542
1.560882
1.562248
1.563588
1.564954
1.566236
1.567534
1.568900
1.570267
1.571591
1.572951
1.574317
1.575613
1.576931
1.578291
1.579629
1.581015
1.582360
1.583760
1.585129
1.586477
1.587839
1.589226
1.590556
1.591924
1.593310
1.594643
1.596024
1.597401
1.598743
1.600138
1.601562
1.602899
1.604340
1.605737
1.607064
1.608481
1.609862
1.611213
1.612571
1.614023
1.615331
1.616661
1.617998
1.619296
1.620625
1.621945
1.623244
1.624566
1.625926
1.627272
1.628623
1.629960
1.631297
1.632709
1.634040
1.635383
1.636756
1.638101
1.639495
1.640871
1.642208
1.643570
1.644969
1.646339
1.647745
1.649096
1.650463
1.651832
1.653223
1.654591
1.655961
1.657325
1.658683
1.660023
1.661390
1.662752
1.664094
1.665576
1.666904
1.668272
1.669651
1.670971
1.672330
1.673710
1.675086
1.676430
1.677809
1.679142
1.680480
1.681851
1.683183
1.684580
1.685924
1.687270
1.688640
1.690007
1.691345
1.692722
1.694068
1.695418
1.696822
1.698166
1.699506
1.700860
1.702196
1.703553
1.705084
1.706434
1.707779
1.709135
1.710485
1.711807
1.713183
1.714644
1.715966
1.717324
1.718672
1.720002
1.721370
1.722737
1.724055
1.725449
1.726786
1.728116
1.729544
1.731307
1.732674
1.733983
1.735329
1.737014
1.738723
1.740481
1.742484
1.744220
1.746291
1.747624
1.749118
1.750446
1.751780
1.753172
1.754510
1.755880
1.757264
1.758604
1.759947
1.761328
1.762940
1.764295
1.765932
1.767372
1.768720
1.770108
1.771440
1.772904
1.774257
1.775632
1.776986
1.778344
1.779698
1.781045
1.782422
1.783747
1.785084
1.786410
1.787721
1.789021
1.790331
1.791639
1.793000
1.794344
1.795721
1.797078
1.798519
1.799833
1.801181
1.802533
1.803879
1.805245
1.806583
1.807952
1.809325
1.810692
1.812085
1.813495
1.814886
1.816198
1.817577
1.818889
1.820198
1.821498
1.822832
1.824156
1.825514
1.826903
1.828308
1.829625
1.830944
1.832334
1.833633
1.834956
1.836246
1.837513
1.838768
1.840026
1.841313
1.842600
1.843847
1.845162
1.846457
1.847750
1.849173
1.850481
1.851777
1.853137
1.854448
1.855819
1.857245
1.858578
1.859944
1.861284
1.862615
1.863968
1.865342
1.866673
1.868050
1.869397
1.870725
1.872092
1.873430
1.874806
1.876171
1.877530
1.878883
1.880193
1.881515
1.882822
1.884197
1.885538
1.886883
1.888223
1.889578
1.890961
1.892322
1.893672
1.895062
1.896393
1.897766
1.899163
1.900526
1.901888
1.903208
1.904557
1.905951
1.907253
1.908618
1.909998
1.911322
1.912725
1.914071
1.915458
1.916797
1.918163
1.919514
1.920872
1.922252
1.923541
1.924881
1.926236
1.927569
1.928992
1.930320
1.931611
1.932948
1.934237
1.935525
1.936823
1.938182
1.939519
1.940910
1.942264
1.943575
1.944961
1.946350
1.947676
1.949079
1.950397
1.951759
1.953155
1.954477
1.955921
1.957365
1.958721
1.960058
1.961426
1.962770
1.964135
1.965532
1.966902
1.968250
1.969571
1.970906
1.972214
1.973537
1.974841
1.976154
1.977466
1.978871
1.980201
1.981553
1.982858
1.984138
1.985425
1.986706
1.988016
1.989302
1.990554
1.991836
1.993151
1.994436
1.995831
1.997390
1.998937
2.000569
2.002173
2.003763
2.005440
2.006812
2.008157
2.009533
2.010936
2.012359
2.013795
2.015406
2.016973
2.018683
2.020312
2.021937
2.023473
2.024833
2.026189
2.027584
2.028934
2.030287
2.031682
2.033076
2.034466
2.035822
2.037181
2.038529
2.039917
2.041745
2.043068
2.044490
2.045869
2.047287
2.048670
2.050146
2.051584
2.052926
2.054298
2.055688
2.057029
2.058472
2.059832
2.061235
2.062666
2.064035
2.065390
2.066893
2.068247
2.069637
2.070980
2.072346
2.073694
2.075060
2.076451
2.077912
2.079272
2.080631
2.082003
2.083360
2.084685
2.086036
2.087337
2.088674
2.090033
2.091398
2.092794
2.094154
2.095536
2.096951
2.098363
2.099698
2.101049
2.102425
2.103791
2.105140
2.106497
2.107959
2.109318
2.110661
2.112037
2.113391
2.114730
2.116106
2.117464
2.118801
2.120158
2.121514
2.122879
2.124223
2.125551
2.126913
2.128271
2.129613
2.130974
2.132353
2.133720
2.135062
2.136433
2.137859
2.139245
2.140601
2.141983
2.143335
2.144708
2.146150
2.147511
2.148870
2.150221
2.151560
2.152912
2.154275
2.155631
2.156997
2.158477
2.159819
2.161180
2.162510
2.163815
2.165188
2.166486
2.167877
2.169217
2.170568
2.171969
2.173316
2.174673
2.176045
2.177434
2.178762
2.180086
2.181457
2.182842
2.184211
2.185558
2.186908
2.188269
2.189642
2.190995
2.192390
2.193773
2.195087
2.196394
2.197704
2.198987
2.200296
2.201641
2.202905
2.204222
2.205572
2.206870
2.208216
2.209599
2.210960
2.212337
2.213745
2.215104
2.216515
2.217898
2.219239
2.220624
2.222008
2.223319
2.224685
2.226028
2.227387
2.228732
2.230065
2.231479
2.232824
2.234209
2.235591
2.236929
2.238324
2.239698
2.241061
2.242409
2.243822
2.245180
2.246533
2.247930
2.249275
2.250672
2.251992
2.253251
2.254676
2.256021
2.257372
2.258705
2.260010
2.261301
2.262670
2.264030
2.265492
2.266802
2.268150
2.269546
2.270881
2.272240
2.273594
2.274947
2.276303
2.277715
2.279044
2.280428
2.281788
2.283188
2.284573
2.286149
2.288121
2.289943
2.291743
2.293792
2.295592
2.297197
2.298669
2.300517
2.301872
2.303194
2.304506
2.305816
2.307133
2.308508
2.309878
2.311505
2.312838
2.314169
2.315803
2.317098
2.318494
2.319842
2.321188
2.322567
2.323939
2.325298
2.326649
2.327993
2.329426
2.330767
2.332215
2.333531
2.334809
2.336144
2.337561
2.338859
2.340129
2.341402
2.342654
2.343992
2.345305
2.346627
2.347978
2.349454
2.350762
2.352095
2.353420
2.354735
2.356048
2.357398
2.358824
2.360179
2.361540
2.362925
2.364246
2.365614
2.366960
2.368335
2.369634
2.370982
2.372338
2.373727
2.375084
2.376452
2.377902
2.379257
2.380618
2.382000
2.383296
2.384612
2.385915
2.387165
2.388468
2.389731
2.390973
2.392218
2.393574
2.394952
2.396342
2.397704
2.399060
2.400400
2.401744
2.403027
2.404392
2.405748
2.407088
2.408582
2.409935
2.411312
2.412654
2.414014
2.415365
2.416758
2.418124
2.419470
2.420804
2.422146
2.423487
2.424832
2.426189
2.427572
2.428916
2.430249
2.431613
2.432963
2.434311
2.435676
2.437046
2.438403
2.439773
2.441105
2.442455
2.443817
2.445186
2.446532
2.447931
2.449312
2.450669
2.452092
2.453428
2.454780
2.456167
2.457510
2.458904
2.460258
2.461582
2.462953
2.464309
2.465638
2.467043
2.468409
2.469768
2.471162
2.472462
2.473802
2.475172
2.476510
2.477862
2.479225
2.480569
2.481911
2.483236
2.484525
2.485832
2.487200
2.488524
2.489888
2.491299
2.492635
2.493994
2.495339
2.496702
2.498156
2.499525
2.500888
2.502246
2.503582
2.504930
2.506297
2.507736
2.509105
2.510459
2.511846
2.513206
2.514565
2.515953
2.517306
2.518699
2.520063
2.521417
2.522740
2.524109
2.525448
2.526831
2.528176
2.529526
2.531001
2.532390
2.533696
2.534999
2.536339
2.537633
2.538943
2.540296
2.541614
2.542985
2.544319
2.545633
2.546934
2.548265
2.549697
2.551109
2.552456
2.553812
2.555178
2.556607
2.558001
2.559408
2.560822
2.562615
2.564411
2.566123
2.568021
2.570036
2.572024
2.573506
2.574889
2.576238
2.577664
2.579073
2.580401
2.581785
2.583231
2.584571
2.585905
2.587289
2.588647
2.589985
2.591404
2.592726
2.594332
2.595725
2.597044
2.598389
2.600099
2.602407
2.603719
2.605006
2.606399
2.607713
2.609103
2.610525
2.611881
2.613293
2.614610
2.615956
2.617314
2.618639
2.620102
2.621417
2.622733
2.624071
2.625347
2.626731
2.628040
2.629406
2.630801
2.632109
2.633443
2.634841
2.636191
2.637510
2.638862
2.640228
2.641532
2.642938
2.644291
2.645619
2.646982
2.648326
2.649634
2.651009
2.652424
2.653786
2.655160
2.656484
2.657833
2.659251
2.660619
2.662008
2.663393
2.664721
2.666099
2.667410
2.668688
2.670063
2.671411
2.672755
2.674136
2.675481
2.676811
2.678162
2.679543
2.680891
2.682209
2.683521
2.684816
2.686161
2.687473
2.688789
2.690085
2.691505
2.692883
2.694281
2.695597
2.696888
2.698185
2.699558
2.700898
2.702301
2.703757
2.705105
2.706464
2.707846
2.709211
2.710554
2.711878
2.713172
2.714507
2.715860
2.717188
2.718550
2.719894
2.721210
2.722547
2.723898
2.725214
2.726542
2.727914
2.729289
2.730686
2.732015
2.733342
2.734730
2.736100
2.737431
2.738889
2.740251
2.741601
2.742990
2.744310
2.745638
2.746997
2.748341
2.749705
2.751125
2.752455
2.753786
2.755176
2.756510
2.757859
2.759362
2.760695
2.761985
2.763313
2.764607
2.765902
2.767325
2.768690
2.770191
2.771517
2.772806
2.774113
2.775475
2.776807
2.778182
2.779559
2.780941
2.782312
2.783673
2.785012
2.786344
2.787687
2.789061
2.790461
2.791813
2.793190
2.794561
2.795926
2.797279
2.798648
2.800123
2.801457
2.802820
2.804195
