0.037728
0.067776
0.084022
0.095022
0.109229
0.119262
0.135657
0.148785
0.163113
0.177438
0.190917
0.203508
0.217534
0.227248
0.242919
0.255812
0.268452
0.280977
0.291247
0.306677
0.319277
0.332098
0.345111
0.355253
0.372915
0.387707
0.399245
0.416487
0.431922
0.445458
0.459821
0.471246
0.487998
0.499318
0.516607
0.523248
0.544096
0.556949
0.569630
0.582272
0.595478
0.608266
0.620808
0.633576
0.646609
0.662895
0.675543
0.689134
0.702953
0.715514
0.728041
0.740574
0.753659
0.763241
0.775255
0.791814
0.804431
0.817172
0.827247
0.843291
0.857405
0.873070
0.887197
0.900887
0.914278
0.926883
0.939558
0.952830
0.965425
0.975264
0.990990
1.003897
1.017022
1.031029
1.044945
1.056706
1.072952
1.085773
1.099200
1.113277
1.123238
1.144219
1.159754
1.171060
1.185438
1.196734
1.211984
1.224548
1.237110
1.249718
1.259249
1.275053
1.287895
1.300411
1.313281
1.323253
1.337572
1.347249
1.363129
1.375949
1.388743
1.401124
1.414155
1.427789
1.440410
1.454386
1.468167
1.479251
1.496083
1.507255
1.523746
1.537770
1.552279
1.563239
1.579740
1.593836
1.607719
1.619251
1.639688
1.651252
1.667900
1.681633
1.697564
1.707276
1.722701
1.735299
1.748225
1.760722
1.771152
1.783241
1.799285
1.812178
1.824869
1.839455
1.852127
1.864790
1.887056
1.914344
1.941668
1.962459
1.979796
1.995423
2.008991
2.021911
2.034003
2.048078
2.061099
2.074191
2.091789
2.111915
2.125331
2.138271
2.150000
2.162002
2.177065
2.190052
2.201995
2.215978
2.228789
2.241648
2.255378
2.268107
2.280894
2.293753
2.306494
2.319625
2.332498
2.345435
2.358688
2.372296
2.386034
2.398007
2.411970
2.424597
2.437593
2.450431
2.462003
2.482012
2.503122
2.516055
2.528993
2.542197
2.555468
2.568737
2.581429
2.594456
2.606008
2.620657
2.633620
2.645990
2.660089
2.673235
2.686360
2.699378
2.712184
2.724920
2.737708
2.750728
2.763457
2.776176
2.793557
2.808202
2.822905
2.836153
2.849198
2.859252
2.883808
2.913273
2.945989
2.964198
2.979536
2.992487
3.005667
3.017989
3.032052
3.048795
3.061999
3.073994
3.088022
3.101112
3.114760
3.127894
3.141139
3.154544
3.165991
3.181679
3.193996
3.207951
3.221086
3.233960
3.245997
3.259784
3.272488
3.285155
3.297839
3.310647
3.323502
3.336280
3.349061
3.361920
3.374587
3.387588
3.401121
3.413805
3.431974
3.445056
3.457922
3.470563
3.483429
3.496154
3.508927
3.521221
3.534004
3.546002
3.559819
3.578600
3.596812
3.609505
3.622220
3.634007
3.648421
3.661340
3.674388
3.685991
3.701205
3.714748
3.725999
3.740927
3.753992
3.765991
3.779742
3.792444
3.805292
3.818581
3.830012
3.844051
3.856780
3.869523
3.882274
3.894003
3.908066
3.920831
3.933821
3.946548
3.960048
3.972802
3.985550
3.998696
4.010010
4.024156
4.036984
4.049930
4.062647
4.075435
4.088135
4.100942
4.114450
4.126002
4.140070
4.152876
4.165703
4.178462
4.190001
4.204603
4.217379
4.230104
4.242747
4.255687
4.268510
4.281266
4.293914
4.306753
4.319611
4.332668
4.345464
4.358200
4.370014
4.384004
4.397204
4.409950
4.422761
4.435606
4.448393
4.461331
4.474079
4.486007
4.499569
4.512555
4.525511
4.538360
4.551105
4.563915
4.576903
4.586014
4.602588
4.614003
4.627968
4.640678
4.653448
4.666185
4.678004
4.691691
4.704559
4.717261
4.730048
4.742972
4.755875
4.768620
4.781386
4.794311
4.806002
4.819875
4.832668
4.845420
4.858215
4.870017
4.883716
4.896444
4.909223
4.921916
4.934743
4.948040
4.960840
4.973562
4.986396
4.999592
5.012214
5.025077
5.037757
5.050416
5.062920
5.075889
5.088575
5.101341
5.113994
5.126008
5.140416
5.153325
5.166092
5.179627
5.192616
5.205396
5.218222
5.229999
5.243709
5.256591
5.269358
5.282402
5.294008
5.307925
5.320581
5.333404
5.346241
5.358013
5.372161
5.384934
5.397730
5.410436
5.423211
5.435913
5.448793
5.461746
5.478931
5.490013
5.504325
5.516984
5.529626
5.542321
5.554016
5.566004
5.580484
5.593314
5.606296
5.618017
5.630004
5.644280
5.657014
5.669803
5.682615
5.694004
5.708162
5.720965
5.733730
5.746404
5.760053
5.772659
5.785345
5.798083
5.810001
5.823555
5.836490
5.849217
5.861902
5.874815
5.886027
5.900340
5.913212
5.926256
5.939274
5.952414
5.965119
5.977741
5.990004
6.003759
6.016536
6.029237
6.042024
6.054733
6.066011
6.080262
6.092999
6.106450
6.119218
6.131666
6.144809
6.157539
6.170251
6.183457
6.196179
6.208957
6.221737
6.234572
6.246010
6.260008
6.272942
6.285535
6.298349
6.310008
6.323781
6.336718
6.349485
6.362335
6.373945
6.387985
6.400946
6.413625
6.426411
6.438019
6.452026
6.465065
6.477917
6.490692
6.503402
6.516095
6.528782
6.541553
6.554257
6.566007
6.579828
6.592504
6.605354
6.614012
6.630008
6.643719
6.656467
6.669097
6.681881
6.694606
6.706006
6.720164
6.733006
6.745603
6.758828
6.771597
6.784427
6.797535
6.810379
6.823504
6.836577
6.849524
6.862293
6.874014
6.887930
6.901324
6.914104
6.926010
6.939945
6.953341
6.966045
6.979226
6.991683
7.005051
7.017827
7.030593
7.043256
7.056131
7.068803
7.081491
7.094383
7.106121
7.120453
7.133322
7.146146
7.158763
7.170009
7.185265
7.197995
7.210773
7.223608
7.236317
7.249016
7.262003
7.274715
7.286765
7.300232
7.313027
7.325778
7.338640
7.350010
7.364028
7.377141
7.389945
7.402824
7.415542
7.428324
7.441039
7.453852
7.466618
7.479347
7.497279
7.510247
7.523032
7.535803
7.548631
7.561668
7.574658
7.586002
7.600856
7.614198
7.625991
7.640472
7.653607
7.666582
7.679281
7.692088
7.704818
7.717492
7.730228
7.743521
7.756915
7.769957
7.783098
7.796204
7.809365
7.822625
7.833995
7.847974
7.860662
7.873602
7.901779
7.924737
7.938361
7.951875
7.964948
7.977960
7.991681
8.004674
8.015420
8.029990
8.044018
8.056848
8.069684
8.086822
8.099382
8.112828
8.125596
8.138478
8.150002
8.164071
8.176760
8.189483
8.202279
8.214020
8.226007
8.240355
8.253305
8.266023
8.278781
8.290003
8.304113
8.316909
8.329640
8.342575
8.354002
8.368404
8.381130
8.394407
8.405994
8.421056
8.433591
8.446173
8.458001
8.471752
8.484461
8.497174
8.509798
8.522489
8.534015
8.548041
8.560801
8.573481
8.586276
8.598005
8.610009
8.624523
8.637203
8.650686
8.665175
8.680664
8.694603
8.706016
8.720239
8.732864
8.745694
8.758617
8.770004
8.784067
8.796843
8.810067
8.822967
8.835893
8.848607
8.861608
8.874370
8.886029
8.900461
8.913194
8.926007
8.937997
8.951987
8.965085
8.977979
8.990763
9.003897
9.016568
9.029764
9.042598
9.054002
9.068020
9.081056
9.094107
9.106014
9.120328
9.133138
9.146180
9.159209
9.171963
9.185492
9.198532
9.211369
9.224193
9.237136
9.250249
9.262982
9.276008
9.289151
9.301948
9.314745
9.327643
9.340468
9.353277
9.366196
9.379252
9.392207
9.404926
9.417727
9.430262
9.443820
9.456536
9.469263
9.482056
9.494803
9.505996
9.520142
9.533019
9.545885
9.558662
9.570015
9.584273
9.596970
9.609771
9.622444
9.633993
9.648396
9.661089
9.674075
9.686608
9.699285
9.712034
9.724802
9.737668
9.750404
9.763561
9.776240
9.788911
9.801836
9.814624
9.826004
9.840365
9.852878
9.865720
9.878015
9.890003
9.904343
9.917075
9.929742
9.942684
9.956071
9.968876
9.981916
9.994005
10.006743
10.021195
10.034142
10.046004
10.059731
10.072705
10.085336
10.098149
10.111818
10.124470
10.137184
10.150122
10.162006
10.176791
10.189578
10.202565
10.215497
10.228429
10.241208
10.254021
10.266824
10.279855
10.292856
10.305701
10.318495
10.330005
10.344084
10.356907
10.369564
10.382446
10.394004
10.408477
10.421659
10.434466
10.446016
10.460125
10.472998
10.485735
10.498509
10.509998
10.524098
10.537192
10.550026
10.562015
10.575782
10.588548
10.601371
10.614273
10.626008
10.640210
10.653329
10.669993
10.684529
10.697592
10.709992
10.723882
10.736795
10.749668
10.762593
10.774010
10.787492
10.801518
10.814372
10.826009
10.839904
10.852681
10.865530
10.878263
10.890005
10.903941
10.916736
10.929734
10.941991
10.956121
10.968907
10.982044
10.994701
11.008006
11.020782
11.033652
11.046503
11.059326
11.072210
11.084948
11.098018
11.109999
11.124183
11.136905
11.149716
11.162603
11.176201
11.188881
11.201649
11.214538
11.226004
11.240170
11.253471
11.266261
11.278015
11.291914
11.304699
11.317533
11.330569
11.343436
11.356249
11.369104
11.381970
11.394005
11.408039
11.421015
11.433925
11.446657
11.459431
11.472178
11.485011
11.497785
11.510657
11.523425
11.536276
11.553952
11.566781
11.579554
11.592411
11.605483
11.618334
11.630000
11.643891
11.656798
11.669710
11.682533
11.690004
11.708500
11.721128
11.733892
11.746689
11.759659
11.772423
11.785165
11.798128
11.810015
11.823712
11.836514
11.849231
11.862142
11.874011
11.886020
11.900571
11.913354
11.926206
11.938006
11.950017
11.964793
11.977610
11.990367
12.003770
12.016688
12.029563
12.042340
12.054012
12.065997
12.080675
12.093467
12.106217
12.119704
12.132616
12.145493
12.158423
12.170002
12.184205
12.197003
12.209887
12.222611
12.235619
12.248666
12.262122
12.274008
12.288143
12.300910
12.313922
12.326638
12.339509
12.352628
12.365605
12.378459
12.390000
12.404533
12.417358
12.430207
12.441997
12.455881
12.468810
12.481805
12.494565
12.506010
12.519797
12.532517
12.545117
12.557806
12.570494
12.583220
12.595979
12.608021
12.621596
12.634434
12.646011
12.659732
12.672452
12.685095
12.698068
12.706002
12.723610
12.736140
12.749165
12.762323
12.774012
12.788265
12.801320
12.814647
12.827687
12.840307
12.853007
12.865699
12.878432
12.890016
12.903807
12.916447
12.929260
12.941979
12.954018
12.965996
12.980596
12.993158
13.005907
13.018736
13.032046
13.045042
13.058145
13.070009
13.083714
13.096423
13.109057
13.122659
13.135707
13.148534
13.161318
13.174754
13.186001
13.200605
13.213415
