0.003555
0.006336
0.008009
0.009574
0.011183
0.013014
0.014568
0.014685
0.017757
0.019377
0.020947
0.022505
0.024910
0.027761
0.030413
0.032505
0.034218
0.035855
0.037400
0.038989
0.040603
0.042156
0.043937
0.045513
0.047164
0.048777
0.048919
0.052157
0.053727
0.055305
0.056889
0.058448
0.058658
0.061550
0.063152
0.064691
0.066367
0.068011
0.069568
0.071174
0.072729
0.074309
0.074653
0.077449
0.079014
0.080605
0.082160
0.082666
0.091566
0.130595
0.135863
0.140922
0.146716
0.152391
0.154828
0.161415
0.166181
0.176466
0.182782
0.187791
0.193067
0.198353
0.202767
0.209355
0.214272
0.218983
0.225836
0.231777
0.237235
0.242624
0.248216
0.255699
0.261074
0.266385
0.272047
0.277248
0.282820
0.286859
0.292830
0.297677
0.307188
0.312897
0.318722
0.323061
0.329059
0.333830
0.339117
0.344704
0.350008
0.355231
0.358792
0.364969
0.370026
0.382444
0.392533
0.397627
0.402934
0.408235
0.413243
0.419320
0.424442
0.430096
0.435101
0.439806
0.444557
0.451945
0.459293
0.465051
0.470354
0.475527
0.478652
0.485743
0.491069
0.496396
0.501870
0.508851
0.514104
0.518917
0.526926
0.533580
0.539371
0.544745
0.549886
0.555048
0.558678
0.562657
0.569101
0.573438
0.584378
0.589646
0.594205
0.599313
0.602669
0.609269
0.614241
0.618920
0.624438
0.634847
0.638920
0.645089
0.649693
0.655141
0.658658
0.665280
0.669865
0.674393
0.678731
0.689734
0.694946
0.698662
0.705471
0.710056
0.715097
0.718673
0.725700
0.730913
0.736630
0.741951
0.747084
0.760926
0.765884
0.770831
0.775843
0.781253
0.786631
0.790741
0.795677
0.798663
0.804695
0.817608
0.822740
0.826671
0.832675
0.837653
0.842643
0.846663
0.852267
0.857287
0.862272
0.867941
0.873099
0.886614
0.892213
0.897222
0.901970
0.907369
0.912187
0.917502
0.922068
0.926452
0.931034
0.939825
0.946627
0.951991
0.956857
0.961969
0.966412
0.971454
0.976489
0.981436
0.987055
0.990695
0.996732
1.011801
1.020165
1.029979
1.035061
1.040718
1.047177
1.049360
1.053125
1.057757
1.062160
1.069154
1.074724
1.078787
1.084494
1.089239
1.094152
1.099138
1.102678
1.109439
1.114389
1.119477
1.124381
1.134973
1.138656
1.144550
1.149379
1.154675
1.158875
1.165400
1.170231
1.175087
1.178820
1.184528
1.190038
1.194833
1.199086
1.205454
1.210457
1.215259
1.218707
1.224836
1.230030
1.234677
1.240936
1.257521
1.263252
1.268370
1.273950
1.279209
1.284120
1.289278
1.294427
1.299395
1.302673
1.308795
1.313927
1.319258
1.324614
1.329717
1.334265
1.339385
1.344286
1.349203
1.354390
1.359005
1.364671
1.381190
1.387273
1.392428
1.396855
1.402191
1.406661
1.413648
1.418848
1.422695
1.428561
1.433515
1.454553
1.459705
1.464453
1.469769
1.475109
1.478703
1.485714
1.490620
1.559502
1.584881
1.590094
1.592882
1.602436
1.608955
1.620054
1.633338
1.640253
1.646881
1.652932
1.655951
1.664963
1.670798
1.689878
1.696609
1.703421
1.710231
1.716972
1.723574
1.729997
1.736812
1.743761
1.750733
1.758169
1.763753
1.769787
1.771914
1.782648
1.796080
1.801665
1.806650
1.812280
1.817525
1.821899
1.831811
1.837066
1.842197
1.847470
1.853057
1.858551
1.862867
1.869033
1.874094
1.878656
1.884998
1.890640
1.895848
1.898654
1.905047
1.920757
1.925938
1.930687
1.936587
1.942185
1.946769
1.953580
1.958497
1.963205
1.968809
1.974299
1.978651
1.985442
1.990015
1.994994
2.003714
2.010357
2.015810
2.020713
2.025901
2.031275
2.036592
2.042671
2.049257
2.055060
2.058661
2.065699
2.070899
2.075757
2.081059
2.086755
2.092353
2.097906
2.103332
2.108564
2.113780
2.119193
2.127328
2.134318
2.140873
2.148911
2.166717
2.179703
2.188221
2.197209
2.207341
2.224347
2.231368
2.249171
2.256415
2.264725
2.273303
2.289350
2.296727
2.314479
2.321855
2.337408
2.339158
2.340752
2.343329
2.346861
2.349545
2.352028
2.353588
2.355155
2.358885
2.364679
2.380890
2.387038
2.397071
2.407610
2.412883
2.418208
2.421850
2.431867
2.433556
2.438840
2.442854
2.448088
2.456637
2.461764
2.467075
2.472312
2.477212
2.482449
2.486826
2.505687
2.510942
2.516400
2.522239
2.526898
2.533952
2.539348
2.542794
2.549224
2.554736
2.560464
2.565966
2.570947
2.576362
2.581823
2.587064
2.592757
2.597891
2.603093
2.608091
2.612931
2.618082
2.629515
2.634332
2.639751
2.645347
2.650493
2.656212
2.660775
2.665447
2.670159
2.675715
2.685941
2.690876
2.696229
2.701480
2.706957
2.712150
2.717027
2.722346
2.728568
2.733859
2.739127
2.743921
2.762795
2.767020
2.773306
2.778875
2.782668
2.789240
2.794838
2.798651
2.805187
2.810028
2.815853
2.821427
2.827425
2.832739
2.837505
2.842664
2.848823
2.854559
2.858650
2.864596
2.869940
2.875575
2.886109
2.891487
2.896514
2.901922
2.907430
2.913338
2.918670
2.923305
2.926985
2.932811
2.942938
2.948687
2.953528
2.955583
2.962652
2.969661
2.975017
2.980111
2.985906
2.991465
2.996624
3.001901
3.008832
3.022743
3.029184
3.034627
3.038657
3.045796
3.051119
3.056680
3.062221
3.066975
3.071854
3.092127
3.097368
3.102616
3.108135
3.113351
3.118368
3.123976
3.129791
3.135189
3.138826
3.145216
3.154732
3.159012
3.165613
3.170944
3.176236
3.181714
3.187442
3.192241
3.196889
3.201252
3.210647
3.217305
3.220599
3.226943
3.233030
3.238298
3.242684
3.248964
3.254039
3.258457
3.263353
3.268342
3.277483
3.282677
3.289232
3.294359
3.298737
3.305096
3.310782
3.315947
3.321233
3.326553
3.332441
3.337964
3.343093
3.346754
3.352652
3.362673
3.368833
3.373595
3.379044
3.384364
3.389791
3.395446
3.412609
3.418435
3.422785
3.429001
3.434556
3.438886
3.445651
3.450424
3.455256
3.458822
3.468808
3.475273
3.480926
3.486263
3.490799
3.496962
3.501783
3.507096
3.512583
3.518189
3.522757
3.528627
3.536284
3.541723
3.546894
3.552162
3.557534
3.564397
3.583969
3.599572
3.608521
3.611916
3.614029
3.626551
3.630341
3.635096
3.639443
3.654936
3.661138
3.666459
3.672141
3.677017
3.682221
3.686664
3.704344
3.709759
3.714833
3.718654
3.726470
3.732110
3.737534
3.742338
3.746651
3.753106
3.758624
3.764404
3.769273
3.774149
3.779211
3.782646
3.794171
3.799038
3.802657
3.809693
3.815057
3.818657
3.827183
3.832860
3.839088
3.844487
3.850407
3.855486
3.861094
3.865962
3.871420
3.877033
3.881890
3.888107
3.893296
3.898102
3.902807
3.907180
3.918017
3.923444
3.928762
3.933965
3.938818
3.944558
3.951922
3.966249
3.970849
3.977114
3.982326
3.986740
3.993601
3.998862
4.004964
4.009785
4.015212
4.020615
4.026134
4.031219
4.034649
4.038668
4.050657
4.056099
4.061481
4.066217
4.071494
4.076684
4.086633
4.090963
4.096736
4.102282
4.108096
4.113676
4.119413
4.122829
4.128940
4.134645
4.138647
4.146094
4.150787
4.155740
4.160895
4.165705
4.175641
4.178664
4.185637
4.191302
4.196208
4.202811
4.206659
4.216944
4.222823
4.228179
4.233570
4.238542
4.242882
4.248653
4.253424
4.258125
4.269914
4.275601
4.280836
4.286222
4.291402
4.296286
4.301544
4.307133
4.312600
4.317709
4.322691
4.326845
4.333685
4.342371
4.346945
4.352626
4.355632
4.362677
4.369536
4.376372
4.381806
4.386906
4.392471
4.397946
4.402682
4.407489
4.410742
4.422254
4.427391
4.432846
4.438665
4.442658
4.453411
4.455597
4.462667
4.478758
4.482671
4.488998
4.494382
4.498951
4.505892
4.512353
4.518500
4.522646
4.529791
4.535046
4.538659
4.544634
4.549401
4.559648
4.565100
4.570042
4.575648
4.580893
4.586215
4.591489
4.596805
4.614491
4.619803
4.625288
4.630702
4.635700
4.641582
4.646733
4.651496
4.656547
4.661023
4.700741
4.712578
4.720328
4.728304
4.734275
4.741019
4.747132
4.752406
4.758260
4.763402
4.769210
4.774701
4.784859
4.790352
4.795242
4.800827
4.807007
4.812663
4.819660
4.828318
4.854361
4.859395
4.863388
4.867719
4.876549
4.878836
4.884816
4.890023
4.915617
4.921420
4.926150
4.931851
4.936932
4.942356
4.955422
4.958658
4.965687
4.970648
4.977230
4.982696
4.987115
4.992624
4.997368
5.029329
5.034484
5.039392
5.044678
5.049825
5.055094
5.058732
5.065433
5.071472
5.076814
5.082002
5.087495
5.092260
5.124418
5.129904
5.135619
5.141158
5.146006
5.150650
5.156508
5.161663
5.166450
5.201481
5.212560
5.222692
5.230663
5.238285
5.245384
5.252663
5.258708
5.267229
5.273801
5.278933
5.286240
5.290877
5.316962
5.322493
5.328589
5.334253
5.338693
5.345034
5.350260
5.354762
5.358654
5.390886
5.397516
5.403014
5.408548
5.414058
5.419886
5.425430
5.431428
5.436412
5.441954
5.448455
5.453574
5.459070
5.486655
5.491630
5.497620
5.503164
5.508625
5.514212
5.518819
5.524560
5.529446
5.561257
5.570180
5.574666
5.581269
5.586793
5.592414
5.597961
5.602656
5.609222
5.615211
5.620980
5.626090
5.630691
5.655941
5.661819
5.666648
5.673072
5.678692
5.682652
5.689829
5.694752
5.698902
5.731265
5.739159
5.750977
5.762958
5.770436
5.777189
5.783434
5.789826
5.795955
5.800765
5.805391
5.810161
5.814934
5.847329
5.853694
5.862721
5.871899
5.884690
5.889560
5.895648
5.917116
5.922783
5.928122
5.933559
5.938879
5.942656
5.949161
5.954683
5.958647
5.965820
5.970433
5.975943
5.981117
5.985694
5.990701
6.004601
6.011133
6.016791
6.022155
6.027035
6.033765
6.038270
6.042959
6.046837
6.075616
6.126283
6.132548
6.139242
6.145766
6.152718
6.158422
6.163252
6.168622
6.173321
6.178450
6.183144
6.187488
6.196792
6.202729
6.209170
6.214405
6.219658
6.225299
6.230854
6.235736
6.238863
6.244748
6.255215
6.258714
6.266409
6.270826
6.276717
6.281963
6.286724
6.292885
6.298215
6.302995
6.308238
6.313314
6.323289
6.329114
6.333992
6.339231
6.344885
6.350302
6.356180
6.358658
6.366579
6.380353
6.391517
6.398995
6.404176
6.414586
6.417767
6.419824
6.424692
6.429522
6.434211
6.442654
6.448809
6.454142
6.467729
6.475998
6.481539
6.486801
6.492394
6.497313
6.503287
6.508791
6.514179
6.519698
6.525115
6.530954
6.535715
6.538736
6.545176
6.554787
6.560585
6.565793
6.571276
6.576584
6.581976
6.587180
6.595653
6.601221
6.615742
6.620443
6.624844
6.629623
6.638895
6.645011
6.650191
6.655317
6.658677
6.666143
6.670905
6.677242
6.682202
6.686648
6.692785
6.698284
6.702682
6.708387
6.713967
6.719779
6.732447
6.738296
6.743274
6.748708
6.754320
6.759104
6.765774
6.770112
6.774837
6.778667
6.790062
6.795797
6.800643
6.805936
6.811241
6.816569
6.822249
6.827293
6.832872
6.837961
6.842698
6.847490
6.851937
6.862650
6.868970
6.874927
6.880699
6.885827
6.890658
6.900744
6.907394
6.913239
6.917984
6.922662
6.928926
6.935199
6.938675
6.944448
6.949202
6.954077
6.964981
6.970146
6.975389
6.978660
6.986017
6.998657
7.005559
7.011121
7.015941
7.021313
7.027204
7.032485
7.037473
7.042220
7.046767
7.053733
7.083347
7.092885
7.102932
7.123843
7.130803
7.137214
7.142660
7.149653
7.156651
7.163065
7.169701
7.182916
7.189596
7.196603
7.202570
7.208494
7.214379
7.234565
7.241400
7.248282
7.254837
7.261560
7.267281
7.272499
7.277719
7.283003
7.288140
7.293327
7.298824
7.303035
7.309379
7.314171
7.318839
7.326624
7.332044
7.337414
7.342622
7.348377
7.353879
7.358824
7.363475
7.368191
7.372393
7.384517
7.389643
7.395077
7.398677
7.405249
7.410449
7.415898
7.421090
7.426318
7.431055
7.435761
7.438726
7.457061
7.462140
7.467416
7.472931
7.478010
7.482690
7.489178
7.494382
7.498755
7.503387
7.508228
7.519285
7.525634
7.530266
7.534663
7.540854
7.546220
7.551466
7.556301
7.561595
7.567139
7.572419
7.587406
7.591893
7.597580
7.602844
7.608361
7.613597
7.618454
7.622703
7.628739
7.634266
7.640364
7.656528
7.664887
7.669906
7.673234
7.675692
7.685149
7.686823
7.692648
7.697727
7.705413
7.710867
7.717821
7.723098
7.728583
7.734137
7.738712
7.743056
7.749648
7.754660
7.760790
7.765745
7.771110
7.776810
7.782443
7.788254
7.792801
7.797437
7.802386
7.811625
7.817757
7.822387
7.826671
7.832949
7.846653
7.853226
7.857949
7.863334
7.869025
7.874933
7.878682
7.885240
7.889983
7.894713
7.899477
7.910463
7.915776
7.920663
7.926229
7.930669
7.936774
7.942129
7.947180
7.952599
7.958074
7.962709
7.978777
7.982649
7.989434
7.994790
7.998715
8.006427
8.010651
8.016964
8.021777
8.026736
8.035644
8.041586
8.047261
8.052824
8.087368
8.093270
8.098414
8.119159
8.124496
8.129811
8.135171
8.138790
8.153412
8.159017
8.164464
8.170113
8.175126
8.181003
8.186683
8.190918
8.196751
8.201840
8.206665
8.213321
8.219083
8.224784
8.229560
8.234700
8.238933
8.245259
8.252589
8.257601
8.263085
8.268761
8.283411
8.289134
8.293987
8.299354
8.305011
8.310472
8.316224
8.321592
8.327181
8.332394
8.338145
8.342949
8.349037
8.354755
8.358915
8.365300
8.370780
8.375876
8.381878
8.386659
8.393376
8.398618
8.413151
8.419472
8.424824
8.435165
8.438703
8.445868
8.451390
8.456864
8.462268
8.466988
8.473570
8.478403
8.483467
8.489045
8.495640
8.518430
8.522645
8.529035
8.534740
8.538655
8.545655
8.550731
8.564614
8.570671
8.577086
8.582681
8.586661
8.593374
8.599133
8.604556
8.609316
8.613887
8.618765
8.629000
8.634396
8.639021
8.644785
8.650163
8.656010
8.661400
8.666740
8.670650
8.677260
8.682729
8.696333
8.702327
8.706665
8.712926
8.718423
8.723001
8.730799
8.735754
8.738686
8.745390
8.750239
8.760769
8.765781
8.771197
8.776480
8.781722
8.787269
8.792179
8.797629
8.803434
8.809146
8.814882
8.826960
8.832928
8.838270
8.842830
8.849170
8.854683
8.858900
8.865332
8.870299
8.875032
8.883408
8.901346
8.910982
8.920911
8.926357
8.931234
8.933113
8.934846
8.938924
8.945599
8.951003
8.956308
8.966537
8.974015
8.979376
8.984748
8.989882
8.995424
9.001312
9.007203
9.012471
9.016996
9.022269
9.027014
9.033618
9.039448
9.042888
9.048960
9.053706
9.063602
9.118713
9.129360
9.135819
9.142731
9.151896
9.161666
9.168443
9.175476
9.182005
9.186774
9.192921
9.197322
9.204763
9.210655
9.216908
9.222278
9.227274
9.232849
9.238158
9.243452
9.248768
9.253605
9.259238
9.264220
9.269285
9.274724
9.278678
9.301474
9.306474
9.312009
9.317630
9.322432
9.328542
9.333969
9.339098
9.342655
9.349187
9.354876
9.358993
9.365624
9.370892
9.374866
9.378870
9.384710
9.403615
9.410559
9.416040
9.420766
9.426335
9.442640
9.447077
9.453405
9.458226
9.462675
9.469224
9.474935
9.478691
9.484544
9.489279
9.493944
9.505041
9.510331
9.515369
9.519754
9.525995
9.531331
9.536732
9.541588
9.546876
9.552135
9.557499
9.573813
9.578641
9.582674
9.593658
9.599106
9.604494
9.609484
9.614716
9.618945
9.625633
9.631354
9.636665
9.641974
9.647330
9.653244
9.658853
9.662742
9.669377
9.674327
9.678842
9.685293
9.690151
9.702631
9.706954
9.713423
9.718849
9.722692
9.730814
9.736601
9.742050
9.746890
9.751182
9.783359
9.789041
9.800788
9.813423
9.821481
9.828177
9.834828
9.841286
9.846667
9.853578
9.858825
9.864634
9.878141
9.882651
9.888999
9.893650
9.899092
9.904689
9.910445
9.915671
9.918904
9.924807
9.929427
9.938646
9.945254
9.949894
9.955145
9.958817
9.965930
9.971349
9.976145
9.981592
9.986888
9.992176
10.008241
10.013097
10.018241
10.022738
10.028990
10.034457
10.038665
10.045296
10.050248
10.055287
10.071561
10.091372
10.102154
10.133706
10.144655
10.155804
10.166866
10.179381
10.185495
10.190898
10.195693
10.200158
10.216203
10.221916
10.227369
10.232555
10.237461
10.242890
10.248445
10.254057
10.258836
10.263048
10.266693
10.278916
10.285913
10.296189
10.304178
10.309455
10.313437
10.314649
10.317280
10.321942
10.327251
10.332653
10.345913
10.351114
10.356110
10.361577
10.366691
10.372428
10.377948
10.383292
10.388541
10.393683
10.398797
10.402661
10.409842
10.414876
10.419041
10.425499
10.430323
10.435087
10.435701
10.449882
10.454655
10.460885
10.470771
10.475499
10.481357
10.486987
10.492338
10.497859
10.502638
10.506696
10.513041
10.519030
10.524589
10.528962
10.533893
10.538569
10.549558
10.554659
10.559432
10.564500
10.569719
10.575052
10.578796
10.585098
10.596030
10.602879
10.609165
10.614802
10.618685
10.625613
10.630975
10.636232
10.641576
10.646939
10.650782
10.656558
10.661216
10.671425
10.676398
10.681604
10.686980
10.692206
10.697603
10.702800
10.706950
10.713365
10.721489
10.728413
10.733380
10.738778
10.743062
10.750161
10.755354
10.758876
10.766098
10.771228
10.777608
10.782450
10.787169
10.791478
10.799806
10.807109
10.812281
10.817820
10.822597
10.826728
10.833034
10.838311
10.848197
10.853365
10.858766
10.862897
10.869768
10.875389
10.878830
10.884845
10.890381
10.895910
10.901662
10.906861
10.910661
10.916468
10.921394
10.931087
10.936367
10.941653
10.946829
10.952115
10.957399
10.962136
10.971893
10.979349
10.984870
10.990741
10.995846
11.001097
11.007221
11.012384
11.017711
11.022486
11.028508
11.034436
11.038683
11.044653
11.049541
11.055185
11.083731
11.089711
11.094692
11.099022
11.118650
11.125606
11.133667
11.138884
11.144600
11.150343
11.156057
11.161555
11.167021
11.170655
11.177111
11.182545
11.188257
11.193681
11.198115
11.203033
11.206872
11.218081
11.222662
11.228431
11.233551
11.238850
11.242661
11.249614
11.260377
11.266108
11.270690
11.277221
11.283339
11.288781
11.293046
11.297534
11.302090
11.313096
11.318636
11.322946
11.329671
11.335105
11.340691
11.346119
11.350654
11.356858
11.362367
11.366811
11.371888
11.378869
11.395561
11.403035
11.408827
11.413895
11.418651
11.425241
11.430221
11.435407
11.440851
11.450735
11.498791
11.506560
11.517596
11.537003
11.541340
11.545385
11.547052
11.549658
11.553903
11.558742
11.562713
11.568314
11.578763
11.596298
11.601414
11.606753
11.612598
11.618054
11.687556
11.718806
11.730027
11.754783
11.761279
11.768256
11.774287
11.781236
11.786673
11.794806
11.801314
11.806669
11.814806
11.818661
11.826674
11.830659
11.836057
11.842679
11.849458
11.855080
11.860988
11.866179
11.870818
11.876777
11.882181
11.886857
11.893056
11.899157
11.902654
11.909922
11.915137
11.918667
11.926172
11.930968
11.935699
11.938785
11.949604
11.955884
11.961456
11.970261
11.974727
11.978650
11.985862
11.990649
11.997480
12.002222
12.006951
12.010666
12.020693
12.026944
12.032106
12.037011
12.042139
12.047484
12.052723
12.058280
12.085210
12.090348
12.095478
12.098680
12.104966
12.130175
12.135405
12.138728
12.146419
12.152174
12.157789
12.162636
12.166775
12.173212
12.178974
12.185104
12.189905
12.194942
12.200769
12.206602
12.212268
12.217591
12.222890
12.228474
12.233887
12.239004
12.242668
12.256696
12.261870
12.268200
12.273785
12.278909
12.282629
12.288855
12.293624
12.299599
12.308592
12.314538
12.318802
12.325614
12.330890
12.336072
12.341341
12.346876
12.352211
12.358497
12.365262
12.370703
12.376767
12.393986
12.398712
12.404738
12.409949
12.415457
12.420865
12.426137
12.430601
12.435299
12.456542
12.461887
12.467218
12.472030
12.477313
12.482625
12.486986
12.493591
12.499091
12.504802
12.510566
12.514772
12.520521
12.530702
12.536459
12.541952
12.546724
12.553382
12.558768
12.562804
12.569118
12.579171
12.582687
12.588197
12.593410
12.603451
12.609140
12.614369
12.618916
12.625098
12.630837
12.636203
12.641596
12.646968
12.651976
12.666834
12.673866
12.679159
12.682677
12.689805
12.695306
12.698666
12.704667
12.709393
12.721057
12.727401
12.732608
12.738166
12.743349
12.748399
12.753670
12.759090
12.764606
12.770449
12.775213
12.778668
12.785914
12.794255
12.799000
12.804673
12.810124
12.814664
12.821513
12.827293
12.832167
12.837679
12.843361
