0.014954
0.021638
0.027738
0.045270
0.049175
0.052833
0.056266
0.059721
0.063385
0.063798
0.070336
0.073818
0.077392
0.080890
0.082820
0.086816
0.091368
0.094867
0.102547
0.106057
0.109576
0.113129
0.116583
0.120057
0.123647
0.129212
0.134340
0.137862
0.147431
0.152789
0.156217
0.156522
0.163018
0.166498
0.169992
0.173511
0.177081
0.180744
0.184291
0.187785
0.191221
0.194719
0.198173
0.201365
0.204556
0.207780
0.211041
0.214350
0.221331
0.230496
0.280066
0.282428
0.284056
0.289962
0.293211
0.296468
0.299709
0.302893
0.306202
0.309451
0.312704
0.316055
0.316379
0.322420
0.325640
0.328905
0.332083
0.335287
0.338538
0.341691
0.344967
0.348503
0.352121
0.355573
0.356083
0.366003
0.369699
0.373155
0.375777
0.380509
0.383936
0.387190
0.390432
0.393739
0.397102
0.400378
0.403705
0.404072
0.410282
0.413606
0.416897
0.420249
0.423531
0.424056
0.430199
0.433498
0.436804
0.440053
0.443488
0.444012
0.450185
0.453503
0.456796
0.460158
0.460469
0.466644
0.469901
0.473078
0.476332
0.476622
0.480890
0.486080
0.489261
0.492553
0.495770
0.496130
0.502158
0.505382
0.508606
0.511889
0.515080
0.518278
0.522563
0.525803
0.529176
0.532411
0.535538
0.536066
0.541924
0.545214
0.548408
0.551595
0.554819
0.558001
0.561267
0.564495
0.567695
0.568065
0.574093
0.577817
0.581297
0.584560
0.587890
0.591161
0.594470
0.597893
0.601102
0.604315
0.607497
0.608068
0.614153
0.617385
0.620541
0.623769
0.626418
0.630323
0.633556
0.636783
0.639904
0.640248
0.646390
0.649566
0.652817
0.656058
0.656383
0.662468
0.665673
0.668906
0.672092
0.675291
0.678577
0.681848
0.685076
0.688277
0.691526
0.694833
0.698010
0.701211
0.704404
0.707601
0.708057
0.714087
0.717527
0.720781
0.724102
0.727326
0.730494
0.733717
0.736872
0.739995
0.740327
0.746403
0.749586
0.752783
0.755971
0.756306
0.762348
0.765574
0.768794
0.771997
0.775262
0.778630
0.781942
0.783837
0.788511
0.791889
0.795079
0.798231
0.799910
0.805905
0.810916
0.814311
0.817650
0.820359
0.824009
0.824339
0.830599
0.833285
0.837032
0.840034
0.840361
0.844050
0.849933
0.853254
0.856560
0.859953
0.860290
0.866533
0.869852
0.873022
0.876274
0.877352
0.881635
0.886070
0.889272
0.892663
0.895980
0.899258
0.902573
0.905859
0.909149
0.912471
0.915728
0.916094
0.922535
0.925802
0.929131
0.932527
0.935815
0.936170
0.942341
0.945718
0.949031
0.952391
0.955543
0.956060
0.962027
0.965261
0.968478
0.971784
0.975075
0.978384
0.981809
0.985117
0.988397
0.991684
0.994982
0.998176
1.001359
1.004591
1.007816
1.011124
1.014417
1.017738
1.020967
1.024328
1.027721
1.031026
1.034224
1.037458
1.040622
1.043895
1.044239
1.050475
1.053743
1.057027
1.060325
1.063506
1.064054
1.069961
1.073293
1.076613
1.079880
1.082011
1.086627
1.090043
1.093292
1.096546
1.099679
1.102838
1.106157
1.109429
1.112797
1.116102
1.116421
1.124243
1.129360
1.134170
1.138715
1.143360
1.148388
1.152800
1.157097
1.161330
1.165762
1.169921
1.173622
1.177590
1.181357
1.184913
1.188784
1.192045
1.195277
1.196161
1.201897
1.205248
1.208528
1.211862
1.215214
1.218523
1.221733
1.225075
1.228409
1.231696
1.235029
1.238293
1.241540
1.244975
1.248280
1.251462
1.254634
1.257855
1.257955
1.264522
1.267716
1.268082
1.274086
1.277353
1.280593
1.283819
1.284173
1.290266
1.293485
1.296755
1.299971
1.300305
1.306379
1.309732
1.312995
1.316279
1.319470
1.320067
1.325928
1.329156
1.332413
1.335761
1.336122
1.342234
1.345603
1.348930
1.352221
1.355536
1.356045
1.362225
1.365591
1.368812
1.372049
1.375283
1.378350
1.382446
1.385658
1.388919
1.392228
1.395460
1.396062
1.401903
1.405160
1.408409
1.411699
1.412067
1.418120
1.421415
1.424625
1.427879
1.430381
1.432057
1.437884
1.441103
1.444636
1.447241
1.451745
1.452108
1.459157
1.461996
1.466432
1.469883
1.473432
1.478900
1.484094
1.487753
1.491268
1.492063
1.498494
1.502041
1.505622
1.509172
1.512733
1.516360
1.519998
1.524350
1.527927
1.531489
1.532046
1.538621
1.542257
1.545845
1.549448
1.553023
1.556659
1.560304
1.563987
1.567522
1.568050
1.572057
1.578295
1.581876
1.585454
1.588999
1.592052
1.596248
1.599857
1.603429
1.604045
1.608063
1.614421
1.617981
1.621603
1.625183
1.628783
1.632445
1.636023
1.639626
1.643259
1.644052
1.650307
1.653803
1.657325
1.660813
1.664331
1.667893
1.671364
1.672059
1.678366
1.681889
1.685442
1.688911
1.692465
1.695927
1.699444
1.700065
1.706471
1.709971
1.713516
1.717164
1.720754
1.724251
1.727786
1.731261
1.732061
1.738438
1.742006
1.745572
1.749105
1.752683
1.756267
1.759802
1.763415
1.764036
1.770553
1.774062
1.777671
1.781199
1.784854
1.788470
1.792094
1.795730
1.799399
1.800050
1.806587
1.810173
1.813660
1.816984
1.820356
1.823545
1.824058
1.830018
1.833251
1.836464
1.839624
1.840057
1.846423
1.849838
1.853197
1.856492
1.859800
1.860156
1.866475
1.869804
1.873078
1.876355
1.879608
1.880066
1.886121
1.889375
1.892619
1.895909
1.896251
1.902425
1.905654
1.908953
1.912248
1.915473
1.916056
1.922289
1.925566
1.928798
1.932104
1.935300
1.938533
1.941784
1.945168
1.948530
1.951836
1.952187
1.958411
1.961695
1.965067
1.968391
1.971695
1.972064
1.978096
1.981494
1.984728
1.987958
1.988294
1.994359
1.997691
2.000915
2.004160
2.007350
2.010578
2.013914
2.017142
2.020384
2.023586
2.024064
2.030099
2.033454
2.036701
2.039936
2.040275
2.046558
2.049849
2.053130
2.056431
2.059621
2.060058
2.066246
2.069549
2.072780
2.076030
2.079316
2.081044
2.085965
2.089247
2.092458
2.095273
2.098291
2.102108
2.105378
2.108583
2.111987
2.112320
2.118488
2.121894
2.125261
2.128598
2.132035
2.132362
2.138471
2.141752
2.145137
2.148505
2.151923
2.154328
2.158394
2.161675
2.163795
2.169840
2.174603
2.177936
2.181285
2.184628
2.187845
2.188196
2.194218
2.197482
2.200886
2.204113
2.207309
2.210520
2.213728
2.217080
2.220460
2.223817
2.224171
2.230390
2.233800
2.237014
2.240254
2.243474
2.244058
2.250025
2.253285
2.256500
2.259714
2.260081
2.266350
2.269665
2.269788
2.276329
2.279504
2.280058
2.286474
2.289936
2.293404
2.295800
2.300444
2.303893
2.304238
2.308053
2.314595
2.318283
2.321848
2.325433
2.328989
2.332604
2.336191
2.339782
2.343357
2.344054
2.350502
2.354106
2.357430
2.360755
2.364060
2.367386
2.368064
2.374049
2.376812
2.380735
2.384141
2.387445
2.388044
2.394022
2.397308
2.400788
2.404087
2.407419
2.408048
2.414071
2.417511
2.420792
2.424163
2.427477
2.428046
2.434107
2.437423
2.440821
2.444206
2.447595
2.448357
2.454266
2.457560
2.460775
2.464043
2.464369
2.470485
2.473772
2.477002
2.480362
2.483639
2.484045
2.490316
2.493596
2.496899
2.500229
2.503554
2.504045
2.510211
2.513634
2.516918
2.520745
2.524077
2.527357
2.530630
2.533968
2.537306
2.540589
2.543890
2.544235
2.550463
2.553774
2.557087
2.560414
2.563719
2.564086
2.570322
2.573646
2.576973
2.580288
2.583635
2.584044
2.590287
2.595878
2.600994
2.605137
2.608437
2.611759
2.612120
2.618508
2.621792
2.624978
2.628211
2.631493
2.632057
2.638059
2.641291
2.644531
2.647853
2.648203
2.654480
2.657796
2.661141
2.664453
2.667848
2.668198
2.674393
2.677702
2.680994
2.684293
2.687556
2.688044
2.694311
2.697582
2.700877
2.704100
2.707305
2.710542
2.713754
2.717035
2.719871
2.723563
2.724051
2.730439
2.733749
2.737033
2.740338
2.743614
2.744047
2.750191
2.753432
2.756646
2.759865
2.763087
2.766276
2.769505
2.772755
2.775984
2.776317
2.782496
2.785723
2.788977
2.792168
2.795390
2.796051
2.801965
2.805201
2.808463
2.811688
2.812058
2.818379
2.821729
2.823845
2.828431
2.831807
2.832162
2.838600
2.841921
2.847104
2.851533
2.854888
2.858357
2.861617
2.864905
2.868452
2.871756
2.872117
2.878312
2.881610
2.884968
2.888264
2.891599
2.892047
2.898182
2.899920
2.904899
2.908197
2.911500
2.912056
2.918116
2.921684
2.925046
2.928374
2.931677
2.932049
2.938381
2.941691
2.944987
2.948298
2.951605
2.952043
2.958195
2.961541
2.964830
2.968227
2.971515
2.972064
2.977361
2.981225
2.984526
2.987890
2.988234
2.994336
2.997626
3.000988
3.004267
3.007485
3.008086
3.013979
3.017271
3.020569
3.023779
3.024137
3.030175
3.033474
3.036724
3.039925
3.040266
3.046342
3.049601
3.052871
3.056219
3.059518
3.060057
3.066145
3.069429
3.072648
3.075896
3.076240
3.082490
3.085817
3.089132
3.092436
3.095769
3.096129
3.102411
3.105086
3.109020
3.112352
3.115627
3.116054
3.122322
3.125602
3.128919
3.132223
3.135592
3.136052
3.142219
3.145555
3.148833
3.152199
3.155502
3.156056
3.162136
3.165444
3.168814
3.172151
3.175408
3.176046
3.182024
3.185388
3.188657
3.191887
3.192232
3.198285
3.201634
3.205013
3.208372
3.211701
3.212069
3.218310
3.221677
3.224972
3.228307
3.231594
3.280445
3.296074
3.320363
3.334644
3.348265
3.360361
3.371526
3.380045
3.395513
3.407436
3.432687
3.443997
3.456192
3.466215
3.482534
3.494229
3.505803
3.516334
3.532423
3.543570
3.567534
3.580381
3.593217
3.604043
3.615931
3.627812
3.639406
3.651568
3.661557
3.677649
3.691385
3.700243
3.712057
3.766586
3.780469
3.811483
3.826203
3.841152
3.855250
3.869132
3.881442
3.904074
3.921389
3.934634
3.969989
3.981012
3.993429
4.005018
4.016175
4.024111
4.037564
4.058485
4.069545
4.081738
4.092583
4.102594
4.119204
4.130284
4.141757
4.153444
4.163906
4.180403
4.192158
4.204265
4.212049
4.231313
4.242642
4.253488
4.265426
4.276736
4.287687
4.302206
4.312152
4.324060
4.337584
4.351919
4.370281
4.386515
4.399524
4.412342
4.423519
4.446186
4.458554
4.470244
4.480766
4.488057
4.508187
4.516045
4.528394
4.541932
4.553492
4.568530
4.579460
4.588064
4.602303
4.612718
4.629803
4.640966
4.652556
4.663795
4.672062
4.685874
4.701779
4.712103
4.756700
4.776200
4.808180
4.825204
4.839883
4.853904
4.868594
4.880618
4.901609
4.913760
4.925751
4.936796
4.947676
4.960011
4.971749
4.983497
4.994018
5.008022
5.034345
5.045477
5.057277
5.067965
5.083023
5.092049
5.106232
5.117736
5.129615
5.140371
5.155764
5.164303
5.179428
5.190327
5.200141
5.217553
5.228782
5.240292
5.251921
5.260348
5.277466
5.288652
5.300473
5.312222
5.320044
5.335617
5.346497
5.356636
5.372571
5.384967
5.408627
5.420868
5.433718
5.445139
5.452203
5.472250
5.480440
5.492315
5.505961
5.517363
5.528946
5.540061
5.552430
5.564047
5.578637
5.589856
5.601926
5.612068
5.628179
5.639585
5.650527
5.664994
5.676832
5.688530
5.696111
5.714572
5.762128
5.789760
5.803791
5.818231
5.832431
5.855921
5.869787
5.880057
5.897805
5.909987
5.926236
5.937890
5.948791
5.960391
5.971575
5.984786
5.997983
6.008077
6.021526
6.028109
6.048030
6.056213
6.068172
6.081943
6.093204
6.119550
6.128064
6.140255
6.152051
6.165645
6.177275
6.188653
6.200027
6.211775
6.222131
6.240544
6.252775
6.264473
6.276585
6.287936
6.299913
6.310460
6.320570
6.339776
6.351773
6.360057
6.385668
6.397098
6.408934
6.419623
6.433357
6.446263
6.457774
6.468932
6.480498
6.491686
6.517621
6.527764
6.543761
6.552049
6.566293
6.576454
6.588371
6.601715
6.613179
6.623907
6.640427
6.652775
6.667968
6.682517
6.692130
6.706278
6.717783
6.753006
6.764359
6.774179
6.808081
6.833664
6.844054
6.866834
6.884070
6.901220
6.914625
6.928259
6.939258
6.948852
6.963216
6.972073
6.986315
6.997151
7.004184
7.023977
7.032371
7.044170
7.058463
7.069769
7.087008
7.098201
7.116438
7.141120
7.154984
7.164200
7.172063
7.183886
7.201965
7.213605
7.225227
7.243864
7.252054
7.264191
7.277444
7.293520
7.304500
7.316088
7.324349
7.338635
7.352028
7.367695
7.376058
7.391596
7.401779
7.417944
7.428780
7.440351
7.451500
7.460038
7.474608
7.488618
7.500062
7.512049
7.526581
7.537883
7.549480
7.559609
7.576024
7.588437
7.599743
7.615122
7.626541
7.638434
7.649387
7.656060
7.676709
7.688283
7.696048
7.708437
7.721924
7.787495
7.804118
7.816381
7.840077
7.856832
7.868287
7.885626
7.900205
7.913257
7.920137
7.940625
7.948052
7.962625
7.974043
7.983781
8.000045
8.008078
8.022422
8.034009
8.044745
8.052044
8.075912
8.088184
8.101031
8.108051
8.138737
8.150000
8.161565
8.172544
8.184205
8.195807
8.210440
8.222628
8.234143
8.245132
8.257393
8.268767
8.280518
8.292210
8.302835
8.345916
8.371649
8.385843
8.397320
8.411868
8.420252
8.432793
8.444064
8.456051
8.470152
8.481071
8.502033
8.514104
8.525544
8.536072
8.550324
8.560046
8.572335
8.585943
8.596046
8.609550
8.625637
8.637864
8.649604
8.660261
8.675562
8.684078
8.696051
8.710259
8.721897
8.774490
8.804982
8.820023
8.833690
8.846247
8.856192
8.870274
8.881202
8.893041
8.905175
8.916313
8.926561
8.939782
8.951958
8.964099
8.973757
8.990197
9.001513
9.012789
9.024351
9.035471
9.046244
9.075129
9.084098
9.098562
9.109883
9.122270
9.132900
9.143132
9.159678
9.171275
9.182887
9.198535
9.210153
9.221949
9.232703
9.248507
9.259392
9.270872
9.281938
9.293643
9.305045
9.321885
9.333552
9.344942
9.356883
9.368052
9.376131
9.389647
9.406499
9.417562
9.428469
9.446123
9.458403
9.469847
9.480746
9.490422
9.504095
9.518857
9.529858
9.541449
9.552348
9.568838
9.581522
9.593326
9.605239
9.617068
9.629702
9.640590
9.652112
9.663718
9.673571
9.690253
9.705136
9.717048
9.759829
9.769985
9.799756
9.810687
9.822354
9.832086
9.849661
9.880457
9.897355
9.904833
9.916390
9.927786
9.938879
9.949891
9.961729
9.973650
9.985809
9.997084
10.021444
10.033207
10.045429
10.048726
10.055812
10.065927
10.081529
10.092194
10.103859
10.114802
10.125435
10.139735
10.156878
10.168505
10.178802
10.192247
10.203826
10.215580
10.226942
10.237949
10.249928
10.260836
10.284942
10.297047
10.308370
10.320173
10.329906
10.346448
10.363452
10.374693
10.386025
10.397028
10.413539
10.426843
10.438814
10.451509
10.462786
10.475249
10.485826
10.501751
10.513245
10.524509
10.541790
10.552514
10.563876
10.575306
10.586765
10.598175
10.609944
10.621852
10.631983
10.648091
10.671219
10.682067
10.693815
10.705608
10.715953
10.757183
10.768544
10.795332
10.806814
10.817991
10.833562
10.844862
10.856412
10.868243
10.879081
10.895035
10.906186
10.917833
10.929182
10.940768
10.955744
10.973545
10.985498
10.996510
11.007634
11.018884
11.034066
11.045435
11.059572
11.071959
11.083169
11.102170
11.113803
11.124881
11.136588
11.146782
11.158619
11.170335
11.180179
11.197451
11.208594
11.231344
11.242975
11.254387
11.266199
11.276116
11.292360
11.302927
11.314793
11.326477
11.337648
11.360631
11.372268
11.383513
11.396436
11.407107
11.419485
11.430645
11.441926
11.454736
11.465544
11.488717
11.500006
11.511880
11.524400
11.644017
11.678214
11.699193
11.714037
11.731780
11.767078
11.819242
11.842082
11.857818
11.870710
11.894977
11.906536
11.917792
11.927827
11.940829
11.952024
11.967824
11.978805
11.991617
12.004118
12.015571
12.041321
12.052693
12.064283
12.075580
12.086644
12.097619
12.120270
12.131814
12.143309
12.154617
12.164709
12.181199
12.192710
12.203609
12.215244
12.226854
12.246813
12.259337
12.270246
12.281439
12.292630
12.304657
12.316374
12.326819
12.339083
12.350889
12.377119
12.386943
12.398798
12.411268
12.421520
12.436670
12.448978
12.460240
12.470814
12.483187
12.506612
12.517929
12.526806
12.541233
12.551302
12.567277
12.578014
12.589816
12.602056
12.613200
12.631332
12.645243
12.670707
12.699991
12.722741
12.803527
12.812082
12.824487
12.837500
12.860124
12.872118
12.880060
12.895425
12.905925
12.918481
12.930546
12.941311
12.953289
12.964214
12.988407
12.999691
13.015095
13.026347
13.037879
13.049937
13.060405
13.076074
13.084076
13.098224
13.120057
13.132055
13.144104
13.157561
13.172952
13.184375
13.195448
13.204170
13.218526
13.229452
13.247465
13.259222
13.271608
13.282199
13.296808
13.308885
13.319826
13.331510
13.340033
13.353904
13.370783
13.383733
13.395976
13.404037
13.416081
13.431449
13.443680
13.456060
13.468870
13.480005
13.492241
13.507947
13.519541
13.528278
13.541067
13.558336
13.569456
13.580995
13.592062
13.600253
13.615299
13.632262
13.644449
13.656858
13.668896
13.680521
13.688273
13.705528
13.717898
13.738712
13.772968
13.807747
13.829223
13.848380
13.862543
13.875890
13.890143
13.904929
13.918977
13.931744
13.944300
13.960018
13.971694
13.983936
13.995343
14.006083
14.017691
14.024058
14.044026
14.055856
14.064116
14.084305
14.096328
14.107927
14.116060
14.128229
14.145912
14.157039
14.168441
14.179792
14.188065
14.207832
14.219937
14.228052
14.240064
14.253602
14.280654
14.291480
14.300600
14.314266
14.325521
14.337046
14.356160
14.367844
14.379176
14.389905
14.417655
14.428631
14.440732
14.448864
14.463910
14.472054
14.491708
14.503908
14.516356
14.527837
14.540213
14.551836
14.560063
14.572097
14.585844
14.598325
14.624154
14.636130
14.649537
14.661370
14.677253
14.688861
14.700363
14.711387
14.720432
14.766080
14.798617
14.812866
14.825332
14.851886
14.864811
14.879428
14.893257
14.907128
14.921189
14.933502
14.953656
14.964486
14.978639
14.989352
15.003995
15.016242
15.024338
15.039057
15.050510
15.061172
15.078808
15.091420
15.100145
15.115288
15.124998
15.152351
15.160167
15.175307
15.184047
15.197952
15.209821
15.255728
15.274515
15.295261
15.305928
15.317750
15.328789
15.340360
15.348289
15.362460
15.373061
15.392044
15.405735
15.417948
15.429670
15.441258
15.452222
15.467866
15.490405
15.500771
15.511473
15.530582
15.541565
15.563749
15.580619
15.586249
15.601018
15.612556
15.623746
15.633788
15.640060
15.665408
15.676303
15.689819
15.701174
15.715970
15.727930
15.762286
15.784045
15.795862
15.806816
15.825527
15.837322
15.849602
15.860139
15.875500
15.884059
15.897970
15.909409
15.920874
15.931943
15.947899
15.960873
15.972975
15.984272
15.994436
16.010341
16.021333
16.032883
16.044296
16.055528
16.066115
16.082439
16.094100
16.105928
16.116001
16.134070
16.144715
16.157094
16.168402
16.179983
16.188064
16.204284
16.216843
16.228164
16.239171
16.248037
16.260045
16.274281
16.285976
16.298158
16.309760
16.326397
16.338499
16.349665
16.361152
16.372733
16.384663
16.396476
16.407736
16.419909
16.430926
16.448445
16.460441
16.472096
16.483292
16.493408
16.510084
16.521585
16.532753
16.544106
16.555277
16.570245
16.581906
16.593552
16.604607
16.614472
16.631768
16.672494
16.680044
16.693286
16.700047
16.730725
16.816917
16.832058
16.850199
16.860911
16.871704
16.883816
16.895437
16.904058
16.917934
16.928675
16.944057
16.959744
16.972041
16.982512
16.992338
17.006502
17.017877
17.028869
17.036080
17.054798
17.080067
17.092191
17.103475
17.114210
17.129530
17.141466
17.152522
17.165822
17.176990
17.189212
17.212552
17.224140
17.236067
17.244098
17.257177
17.274275
17.285668
17.296954
17.308517
17.319448
17.334238
17.345804
17.357117
17.368567
17.378280
17.392433
17.406613
17.417577
17.429352
17.442875
17.476548
17.489026
17.500163
17.514447
17.524656
17.536068
17.547810
17.557992
17.569542
17.580213
17.598739
17.608045
17.621322
17.632982
17.640085
17.652488
17.669586
17.680221
17.691849
17.702266
17.742930
17.799880
17.808339
17.822178
17.832709
17.842140
17.853305
17.863857
17.874238
17.884091
17.894121
17.910611
17.921382
17.932277
17.940147
17.954414
17.964769
17.975767
17.985610
17.999850
18.012683
18.032354
18.043066
18.053979
18.064907
18.075456
18.085796
18.096569
18.104048
18.116622
18.133658
18.154588
18.166165
18.178097
18.189957
18.201383
18.212553
18.223074
