0.006753
0.009580
0.011503
0.017901
0.020463
0.021061
0.022478
0.023425
0.024398
0.033527
0.036929
0.038717
0.040695
0.041933
0.043125
0.044035
0.045031
0.045542
0.046968
0.048010
0.053355
0.061439
0.073830
0.076437
0.084494
0.097032
0.102056
0.112942
0.120005
0.124579
0.127647
0.130449
0.132314
0.133504
0.150041
0.163361
0.166019
0.167186
0.174210
0.179781
0.182008
0.186644
0.188161
0.189121
0.190152
0.190680
0.192304
0.193322
0.194336
0.196012
0.197333
0.197437
0.199329
0.205351
0.208456
0.209441
0.211478
0.213138
0.213696
0.215549
0.216747
0.217955
0.218754
0.220332
0.221552
0.227881
0.229115
0.231752
0.232925
0.233495
0.235432
0.236632
0.237178
0.238620
0.239559
0.247097
0.249055
0.250508
0.251921
0.252478
0.254019
0.261254
0.270480
0.271376
0.272948
0.273884
0.275167
0.277196
0.283810
0.286334
0.288776
0.291286
0.292849
0.295290
0.297322
0.299301
0.300622
0.306545
0.307642
0.308603
0.309533
0.310064
0.311338
0.312281
0.318630
0.321076
0.322562
0.323978
0.325161
0.326108
0.326641
0.328036
0.328984
0.333806
0.334921
0.335868
0.336855
0.337645
0.338705
0.339642
0.347086
0.348511
0.349078
0.350955
0.355775
0.357562
0.358511
0.359452
0.360450
0.361402
0.362358
0.363304
0.366258
0.369419
0.370357
0.371760
0.372724
0.373659
0.374621
0.375137
0.384921
0.386590
0.388779
0.388952
0.391775
0.392315
0.393043
0.394653
0.395628
0.399914
0.403464
0.404410
0.405367
0.410140
0.417001
0.422670
0.430832
0.432586
0.434030
0.434983
0.435948
0.436883
0.437847
0.438792
0.440045
0.443177
0.448211
0.449175
0.449686
0.451082
0.458551
0.459997
0.461251
0.463126
0.464299
0.465246
0.466173
0.466668
0.467994
0.468938
0.469871
0.470914
0.471918
0.472892
0.473850
0.474401
0.475795
0.479757
0.489388
0.491421
0.493829
0.496444
0.499094
0.501565
0.503998
0.506398
0.506618
0.510452
0.511932
0.515816
0.516868
0.519299
0.521122
0.522873
0.523865
0.526320
0.535373
0.540247
0.541515
0.542868
0.544160
0.545575
0.548417
0.550954
0.555931
0.560102
0.562144
0.578948
0.582606
0.585004
0.587328
0.591717
0.613716
0.636437
0.643868
0.649359
0.652471
0.654834
0.656242
0.657601
0.658873
0.660113
0.666748
0.672163
0.676427
0.678208
0.679813
0.681467
0.682789
0.683707
0.684389
0.685068
0.685489
0.686541
0.687216
0.688001
0.688840
0.689342
0.692213
0.692588
0.693460
0.694555
0.695312
0.696099
0.696872
0.697653
0.698810
0.699319
0.700645
0.701557
0.702526
0.706578
0.708272
0.713512
0.715464
0.719978
0.721631
0.722622
0.729259
0.731454
0.732414
0.733335
0.736153
0.737108
0.738031
0.738536
0.739509
0.740828
0.741829
0.742739
0.744681
0.749479
0.750457
0.751783
0.752718
0.753644
0.754202
0.758245
0.767742
0.776564
0.779785
0.781024
0.782094
0.783131
0.787633
0.796065
0.798789
0.808318
0.817609
0.819694
0.823487
0.830054
0.831664
0.833066
0.834535
0.836026
0.841356
0.843115
0.847855
0.849058
0.850180
0.853370
0.861945
0.863079
0.866697
0.871458
0.885428
0.887998
0.895097
0.897912
0.899356
0.900758
0.902297
0.903842
0.910207
0.911877
0.912803
0.913810
0.914759
0.915755
0.916657
0.917582
0.918852
0.919333
0.920684
0.921184
0.922562
0.923087
0.924436
0.925382
0.926257
0.927038
0.927812
0.928604
0.929472
0.930244
0.930620
0.931946
0.932744
0.933540
0.934099
0.935318
0.936118
0.937029
0.937905
0.938761
0.939547
0.940324
0.941168
0.941677
0.943092
0.943987
0.950108
0.955282
0.964232
0.965877
0.970679
0.976714
0.978624
0.979257
0.986838
1.005970
1.008974
1.014330
1.018734
1.021257
1.023304
1.024477
1.027151
1.028905
1.029503
1.031530
1.032524
1.033411
1.033931
1.035283
1.036256
1.037160
1.038098
1.041246
1.047029
1.055412
1.058428
1.060051
1.061468
1.063180
1.067642
1.072366
1.075920
1.082036
1.088032
1.089226
1.091810
1.096674
1.098286
1.099825
1.102354
1.103279
1.108003
1.109542
1.110847
1.112265
1.113209
1.114005
1.116885
1.123396
1.124389
1.125334
1.126292
1.131158
1.135640
1.137798
1.139829
1.141635
1.143465
1.146404
1.148167
1.149415
1.154505
1.159388
1.163715
1.170877
1.176847
1.187079
1.189318
1.191053
1.196308
1.199144
1.200618
1.202718
1.204654
1.205851
1.210526
1.211556
1.212329
1.213087
1.213844
1.214352
1.215798
1.216863
1.217718
1.218494
1.218981
1.220098
1.221021
1.222184
1.223233
1.224192
1.225060
1.226127
1.227049
1.227431
1.227765
1.228095
1.228446
1.228784
1.229107
1.229440
1.229841
1.230254
1.241355
1.242708
1.244022
1.245460
1.245867
1.247199
1.248118
1.248993
1.249894
1.250818
1.251734
1.252651
1.253514
1.253595
1.255345
1.256234
1.261652
1.268232
1.271752
1.274630
1.276048
1.276970
1.277981
1.278513
1.279812
1.280902
1.281814
1.288670
1.291069
1.298193
1.299662
1.301073
1.301210
1.303983
1.305446
1.306664
1.307151
1.308439
1.309348
1.310255
1.311163
1.312039
1.312557
1.313844
1.314766
1.315721
1.316623
1.317409
1.318316
1.319221
1.320193
1.325211
1.330086
1.333448
1.334974
1.336456
1.337624
1.338556
1.342121
1.344133
1.348482
1.350665
1.352373
1.353754
1.355167
1.355721
1.358011
1.362571
1.363699
1.364200
1.365566
1.366454
1.367363
1.367440
1.369168
1.381932
1.384363
1.385954
1.387266
1.388186
1.388691
1.389633
1.390822
1.394074
1.395883
1.396797
1.397715
1.398313
1.399639
1.400563
1.401476
1.402418
1.403368
1.404290
1.405229
1.407887
1.409309
1.410694
1.416619
1.419504
1.421591
1.423418
1.430936
1.432517
1.433440
1.434147
1.441731
1.444523
1.446752
1.449440
1.451702
1.453717
1.455670
1.457592
1.460796
1.463206
1.464857
1.466457
1.467726
1.469330
1.470509
1.471724
1.472887
1.474055
1.475250
1.475966
1.477635
1.483012
1.485125
1.491799
1.493480
1.495431
1.497090
1.497923
1.499705
1.500892
1.502082
1.502217
1.504476
1.505731
1.506462
1.508121
1.508873
1.510502
1.511608
1.512536
1.513043
1.516003
1.522111
1.523433
1.524961
1.526662
1.527741
1.528812
1.529919
1.530617
1.535446
1.540463
1.542587
1.543804
1.548849
1.551667
1.557294
1.563777
1.571156
1.575256
1.577841
1.580424
1.583184
1.585574
1.587664
1.588767
1.596698
1.597883
1.599075
1.600052
1.600814
1.601876
1.602753
1.606827
1.614944
1.615636
1.616318
1.617053
1.617368
1.618366
1.618760
1.619962
1.620684
1.621166
1.622242
1.623017
1.624287
1.625173
1.625646
1.626330
1.627516
1.628574
1.629093
1.631188
1.638737
1.639764
1.641460
1.642561
1.643704
1.644590
1.645493
1.646420
1.647334
1.648268
1.652891
1.654644
1.663140
1.667387
1.670398
1.670977
1.677359
1.678277
1.679195
1.680300
1.681087
1.682001
1.682904
1.683789
1.684519
1.686079
1.686999
1.687914
1.691649
1.695052
1.695522
1.696483
1.700734
1.702318
1.703532
1.704931
1.706155
1.707622
1.709088
1.714024
1.715939
1.716941
1.718737
1.719664
1.721615
1.730061
1.732812
1.734258
1.735166
1.736314
1.740092
1.740610
1.741916
1.742833
1.743338
1.744220
1.745566
1.750146
1.751560
1.753804
1.759748
1.762725
1.775195
1.777207
1.792488
1.796195
1.800631
1.803452
1.805947
1.807942
1.811683
1.813636
1.815567
1.817480
1.819400
1.826055
1.828017
1.829941
1.832158
1.833631
1.836012
1.837937
1.839918
1.843747
1.845685
1.847729
1.851910
1.858181
1.859601
1.861211
1.862885
1.864023
1.865306
1.873409
1.875061
1.877683
1.879368
1.880031
1.881910
1.890251
1.890856
1.901800
1.905825
1.908877
1.910624
1.912083
1.913241
1.913799
1.915606
1.918785
1.920619
1.924057
1.928422
1.929586
1.930765
1.931942
1.932917
1.936030
1.940378
1.942170
1.944005
1.944540
1.946381
1.947527
1.951246
1.952678
1.954084
1.955468
1.955554
1.957526
1.958473
1.959356
1.959457
1.963478
1.964447
1.965814
1.966736
1.967232
1.968554
1.969478
1.971945
1.973466
1.975367
1.976874
1.978335
1.981758
1.986430
1.987483
1.988571
1.989722
1.990766
1.996390
1.997593
2.003814
2.008047
2.017902
2.024004
2.044508
2.058629
2.063007
2.072071
2.078529
2.086925
2.099496
2.103046
2.105502
2.107958
2.110086
2.112553
2.114420
2.115998
2.116777
2.117275
2.118324
2.119431
2.124179
2.124949
2.125660
2.126417
2.127482
2.128427
2.129182
2.129536
2.130216
2.131278
2.132063
2.135944
2.137326
2.139307
2.140641
2.141682
2.142415
2.143171
2.148441
2.149243
2.150175
2.150712
2.156971
2.158518
2.162061
2.165420
2.166319
2.167225
2.173874
2.176335
2.176901
2.178782
2.180547
2.182029
2.183262
2.184789
2.191032
2.191965
2.197280
2.200576
2.208071
2.211555
2.214345
2.216824
2.219057
2.221033
2.222967
2.224944
2.226868
2.228039
2.232177
2.232938
2.237512
2.240155
2.241333
2.242526
2.243686
2.252244
2.253956
2.255624
2.257278
2.258685
2.260438
2.262090
2.263403
2.269413
2.270694
2.274772
2.276682
2.278761
2.280416
2.281944
2.283149
2.284353
2.285564
2.286140
2.288018
2.289205
2.297382
2.299574
2.307069
2.310123
2.312732
2.314530
2.316735
2.317976
2.323260
2.324917
2.326354
2.328005
2.329197
2.335349
2.337836
2.340603
2.342060
2.343897
2.345098
2.346312
2.347683
2.348258
2.350155
2.351364
2.353963
2.361923
2.363702
2.365329
2.366912
2.368068
2.369273
2.374110
2.375245
2.376820
2.378006
2.379188
2.380382
2.381551
2.382093
2.383924
2.385093
2.390300
2.391539
2.392742
2.393942
2.395142
2.395750
2.397612
2.398789
2.399292
2.400774
2.401672
2.402591
2.403494
2.404387
2.409785
2.420060
2.421479
2.422860
2.424000
2.425335
2.426545
2.427492
2.429449
2.430613
2.431549
2.432447
2.433377
2.441073
2.442729
2.450370
2.452921
2.455157
2.455735
2.467745
2.471003
2.473411
2.486482
2.489099
2.496592
2.499404
2.503384
2.506197
2.508409
2.509327
2.512852
2.515327
2.518099
2.520152
2.521765
2.523353
2.525118
2.528261
2.532716
2.535238
2.537840
2.544312
2.547864
2.560438
2.573411
2.576430
2.581439
2.583768
2.584953
2.586177
2.587358
2.591014
2.597984
2.599239
2.600457
2.601552
2.602516
2.603356
2.604160
2.605073
2.605766
2.606474
2.607094
2.607414
2.608352
2.608767
2.610046
2.610846
2.611188
2.612150
2.612781
2.613441
2.614244
2.615037
2.615549
2.616933
2.624020
2.626939
2.628597
2.630502
2.631415
2.632365
2.633278
2.634203
2.634750
2.636102
2.638705
2.639653
2.640596
2.641101
2.647619
2.648906
2.658612
2.661983
2.663292
2.664195
2.665410
2.666917
2.667872
2.668791
2.669740
2.674056
2.681281
2.682726
2.685183
2.685982
2.688310
2.688892
2.690764
2.692118
2.693062
2.693963
2.694912
2.695837
2.696747
2.700947
2.703094
2.704548
2.705557
2.712651
2.714056
2.715876
2.717225
2.718545
2.719452
2.722593
2.724469
2.725381
2.726305
2.727195
2.728119
2.728597
2.729975
2.732206
2.744995
2.748283
2.749716
2.751114
2.751616
2.752513
2.759557
2.761199
2.766683
2.771862
2.774080
2.774942
2.776494
2.777620
2.778533
2.779471
2.780395
2.781341
2.787546
2.788472
2.789417
2.790344
2.791618
2.792751
2.793668
2.800287
2.802147
2.808495
2.810508
2.812178
2.813796
2.814726
2.815233
2.819448
2.821558
2.822536
2.823038
2.824375
2.824859
2.828686
2.830262
2.832816
2.834198
2.835369
2.835468
2.837231
2.838137
2.839049
2.839954
2.846716
2.853920
2.854518
2.856989
2.857946
2.859301
2.860216
2.867105
2.871817
2.876358
2.879232
2.880654
2.881407
2.883049
2.883957
2.884865
2.885789
2.890650
2.894741
2.900435
2.902863
2.904322
2.905801
2.907025
2.907972
2.911862
2.913496
2.915046
2.916286
2.917907
2.919356
2.920760
2.923933
2.927140
2.928108
2.928662
2.930099
2.931023
2.931520
2.932500
2.939572
2.940980
2.946226
2.947409
2.948553
2.949572
2.950459
2.951382
2.951480
2.953297
2.958186
2.959637
2.960273
2.962138
2.963306
2.964524
2.967148
2.973695
2.976198
2.978195
2.983683
2.989840
2.993989
3.005162
3.010061
3.013743
3.022478
3.027137
3.033741
3.034672
3.035613
3.036559
3.037518
3.038453
3.039116
3.045436
3.047501
3.048324
3.053998
3.054653
3.055324
3.056269
3.057305
3.057961
3.058321
3.059420
3.060500
3.061152
3.061782
3.062425
3.063057
3.063772
3.064249
3.065902
3.066683
3.067155
3.075520
3.077106
3.078914
3.080727
3.081743
3.084478
3.090939
3.094145
3.095325
3.096253
3.096780
3.103701
3.105466
3.120517
3.122509
3.125391
3.127870
3.128504
3.131877
3.140354
3.142897
3.145348
3.147794
3.156455
3.160171
3.163959
3.166840
3.168447
3.169524
3.175344
3.177418
3.180086
3.180638
3.183529
3.184695
3.185215
3.187048
3.191891
3.193799
3.195771
3.200327
3.201434
3.203471
3.205911
3.207122
3.207252
3.214020
3.216003
3.217025
3.218555
3.220612
3.221837
3.223026
3.223807
3.225505
3.226702
3.227952
3.229174
3.230328
3.231581
3.232765
3.233333
3.235208
3.236409
3.236948
3.238823
3.239617
3.241243
3.241997
3.248219
3.249490
3.251827
3.253610
3.254833
3.256042
3.257228
3.258485
3.266204
3.267862
3.269614
3.271839
3.272447
3.274976
3.275124
3.278437
3.279888
3.281145
3.281273
3.283525
3.284808
3.286058
3.289484
3.293373
3.297628
3.301934
3.302866
3.304816
3.305670
3.307447
3.308690
3.314707
3.317311
3.318695
3.319350
3.321167
3.322227
3.323150
3.324059
3.324995
3.325924
3.326828
3.333899
3.336833
3.339543
3.343410
3.346747
3.352079
3.354025
3.355665
3.356834
3.358242
3.362571
3.363973
3.364898
3.365389
3.366916
3.367825
3.377939
3.379332
3.380784
3.382245
3.382746
3.384095
3.385022
3.385941
3.386486
3.387806
3.388366
3.389207
3.389698
3.390190
3.394984
3.399872
3.401351
3.402319
3.404003
3.404909
3.405435
3.406373
3.407814
3.408767
3.409673
3.410188
3.411525
3.419924
3.422252
3.423630
3.425230
3.426315
3.427345
3.428512
3.429670
3.430845
3.431890
3.436679
3.444884
3.449875
3.454257
3.463067
3.465441
3.467530
3.468809
3.473023
3.478102
3.480084
3.482062
3.483437
3.484971
3.486386
3.494698
3.499625
3.504720
3.506090
3.507363
3.508022
3.509132
3.510019
3.511102
3.511864
3.514451
3.516901
3.518138
3.519133
3.520103
3.520473
3.521390
3.522026
3.522869
3.530406
3.531436
3.532472
3.532963
3.534060
3.534962
3.535747
3.536509
3.537309
3.538087
3.539123
3.540095
3.549767
3.550696
3.551601
3.552983
3.553914
3.554796
3.555723
3.556245
3.557604
3.558519
3.560887
3.561421
3.565973
3.566958
3.570057
3.570893
3.572784
3.574151
3.574714
3.578396
3.579823
3.581235
3.582411
3.583799
3.584711
3.585243
3.586597
3.587063
3.588562
3.589466
3.590433
3.591426
3.592360
3.593308
3.594229
3.594730
3.596113
3.601988
3.602872
3.605252
3.606668
3.607207
3.608365
3.611294
3.615954
3.617036
3.618868
3.620265
3.621188
3.621683
3.628092
3.629983
3.630908
3.632237
3.632739
3.634105
3.635011
3.635949
3.636476
3.637792
3.638722
3.639235
3.640615
3.641518
3.647501
3.650459
3.656730
3.658209
3.664647
3.666550
3.667728
3.669304
3.670267
3.671163
3.672079
3.673016
3.673961
3.678556
3.680004
3.681471
3.682964
3.683866
3.684808
3.685285
3.690995
3.691952
3.692891
3.693421
3.694353
3.695729
3.696660
3.701707
3.704450
3.705773
3.706351
3.708243
3.709159
3.710078
3.710577
3.711655
3.715048
3.717856
3.718800
3.720030
3.721023
3.721920
3.722840
3.723757
3.730921
3.732761
3.734617
3.736036
3.740134
3.741537
3.746255
3.749205
3.754353
3.760511
3.762389
3.763862
3.765035
3.765538
3.775931
3.777315
3.778280
3.779493
3.781579
3.782497
3.783409
3.784339
3.785261
3.786217
3.786717
3.787703
3.788604
3.793718
3.794668
3.795594
3.796136
3.797541
3.798474
3.804789
3.805929
3.807323
3.808658
3.809825
3.810377
3.813779
3.819857
3.821256
3.823331
3.824854
3.825999
3.829670
3.841022
3.845684
3.846946
3.849514
3.854060
3.856638
3.862942
3.865155
3.866763
3.867814
3.869708
3.878109
3.879296
3.880341
3.881136
3.881938
3.882798
3.886096
3.886988
3.887924
3.888584
3.889549
3.889876
3.890514
3.891549
3.892173
3.892791
3.893551
3.894508
3.899599
3.900241
3.900964
3.902128
3.902914
3.903669
3.905021
3.905164
3.907473
3.908402
3.909293
3.909401
3.911237
3.912169
3.913105
3.914001
3.914950
3.915883
3.920042
3.920982
3.922868
3.923429
3.926290
3.926852
3.929028
3.930589
3.931975
3.933140
3.934631
3.935579
3.936499
3.937436
3.937904
3.939023
3.940225
3.941141
3.941627
3.946901
3.948625
3.950024
3.951151
3.952497
3.953839
3.954388
3.956550
3.957661
3.957724
3.959474
3.960365
3.961238
3.962029
3.963104
3.968295
3.970375
3.971789
3.972574
3.973926
3.974808
3.975735
3.976446
3.977801
3.978718
3.979618
3.980130
3.981411
3.982302
3.983217
3.983691
3.984598
3.985933
3.993720
3.995184
3.999440
4.004179
4.004943
4.006819
4.008396
4.008910
4.010233
4.011103
4.011570
4.012891
4.013775
4.014684
4.015180
4.019178
4.020521
4.027834
4.029670
4.030610
4.032377
4.032884
4.034222
4.034747
4.035936
4.036504
4.037847
4.038810
4.039961
4.040889
4.041834
4.042781
4.043735
4.044660
4.045205
4.046595
4.047514
4.048481
4.048982
4.050351
4.050871
4.052236
4.053191
4.054110
4.055055
4.056015
4.062123
4.068436
4.070167
4.072412
4.073315
4.073421
4.075256
4.076151
4.077071
4.077979
4.078881
4.079650
4.080564
4.081482
4.082378
4.083511
4.084418
4.085331
4.085842
4.089778
4.091620
4.092555
4.093049
4.094379
4.094861
4.103267
4.104701
4.106088
4.107097
4.108398
4.108915
4.115458
4.118116
4.119533
4.120638
4.124030
4.127104
4.128673
4.130285
4.131500
4.132452
4.136575
4.139820
4.141203
4.142600
4.143800
4.144305
4.145683
4.146605
4.147653
4.148322
4.149855
4.154318
4.158831
4.166165
4.168987
4.172489
4.176156
4.177908
4.178870
4.182734
4.187355
4.189189
4.190793
4.193336
4.196211
4.197880
4.199035
4.199993
4.200933
4.201858
4.204419
4.207487
4.210143
4.211089
4.213980
4.214589
4.215201
4.216125
4.217110
4.217792
4.218457
4.219078
4.219771
4.220384
4.221498
4.222103
4.222499
4.223535
4.224296
4.224779
4.225869
4.228375
4.231253
4.235058
4.237383
4.238657
4.240108
4.241110
4.243126
4.244623
4.248682
4.254863
4.255864
4.261127
4.262726
4.269442
4.270469
4.273158
4.273946
4.275720
4.276690
4.277191
4.278563
4.279511
4.280434
4.280956
4.285187
4.291085
4.303560
4.306767
4.308841
4.311488
4.312113
4.317710
4.321638
4.324557
4.325320
4.329958
4.331100
4.332024
4.333669
4.334808
4.336054
4.337213
4.344576
4.345939
4.346834
4.347755
4.348245
4.349583
4.356116
4.357655
4.358662
4.360463
4.363907
4.365282
4.369666
4.371897
4.373827
4.374990
4.376438
4.376935
4.378272
4.378775
4.379773
4.381039
4.381494
4.382620
4.383731
4.384663
4.385156
4.392635
4.393588
4.395395
4.396773
4.397246
4.398579
4.407404
4.408305
4.409201
4.409655
4.415505
4.416937
4.418912
4.419069
4.421514
4.422039
4.423336
4.423849
4.425164
4.426054
4.426967
4.427843
4.428329
4.435835
4.438304
4.449254
4.452880
4.454424
4.455766
4.456238
4.457612
4.458497
4.459391
4.459882
4.461243
4.462186
4.463103
4.463209
4.465129
4.466055
4.469377
4.475454
4.478946
4.480754
4.482156
4.482752
4.484887
4.486342
4.487822
4.489301
4.494447
4.495843
4.497290
4.498742
4.499664
4.499726
4.501592
4.502541
4.503446
4.503916
4.505304
4.506225
4.507146
4.507632
4.508569
4.509915
4.515866
4.517365
4.521320
4.524472
4.527861
4.529673
