0.010270
0.013964
0.022602
0.027481
0.031165
0.044789
0.047311
0.051014
0.053617
0.055661
0.064427
0.066596
0.068624
0.070757
0.071316
0.073518
0.076981
0.080839
0.081747
0.082183
0.089762
0.097847
0.098400
0.101968
0.104034
0.106178
0.108203
0.110310
0.112459
0.113016
0.115643
0.116549
0.116999
0.118387
0.119284
0.120188
0.120613
0.121990
0.126477
0.127661
0.132674
0.134583
0.139368
0.145180
0.145633
0.147177
0.152925
0.154596
0.156192
0.163190
0.164105
0.165142
0.166060
0.166946
0.167849
0.168760
0.173367
0.174263
0.175215
0.175656
0.182930
0.184013
0.186716
0.188273
0.188840
0.190058
0.190467
0.191954
0.192973
0.194018
0.214203
0.224552
0.230482
0.234634
0.237438
0.240142
0.242370
0.248158
0.252092
0.255194
0.258181
0.260946
0.263068
0.264394
0.264976
0.267120
0.272042
0.274904
0.288362
0.296664
0.311863
0.337840
0.353158
0.356885
0.359550
0.375665
0.384687
0.387959
0.393834
0.401245
0.407961
0.423234
0.440367
0.454821
0.456667
0.458006
0.460548
0.462337
0.464184
0.465431
0.470122
0.495569
0.499558
0.505219
0.510566
0.520865
0.524960
0.526775
0.529642
0.537802
0.541805
0.557682
0.563718
0.573464
0.583205
0.587232
0.601348
0.610953
0.613255
0.626064
0.635099
0.638007
0.641647
0.649400
0.651685
0.670346
0.691355
0.695030
0.702441
0.705672
0.713831
0.721346
0.726735
0.730328
0.747808
0.754398
0.761954
0.764693
0.766876
0.769275
0.771529
0.773982
0.783855
0.790572
0.792557
0.797577
0.800157
0.805703
0.811174
0.818002
0.819584
0.820958
0.826939
0.840373
0.846456
0.848979
0.859049
0.860032
0.866055
0.870219
0.877057
0.878994
0.888773
0.898954
0.900972
0.902631
0.906718
0.910666
0.916276
0.917579
0.918950
0.932168
0.952024
0.954658
0.958848
0.961410
0.963923
0.968982
0.977070
0.993834
0.998299
1.006183
1.023704
1.030560
1.032384
1.032937
1.033498
1.051085
1.059530
1.063731
1.066894
1.075541
1.077899
1.085877
1.087503
1.094923
1.095850
1.114554
1.117438
1.118971
1.120384
1.123658
1.138432
1.140528
1.141131
1.142723
1.146115
1.149350
1.150198
1.150279
1.154409
1.155513
1.156323
1.161544
1.163740
1.164543
1.165388
1.166203
1.171474
1.172473
1.173733
1.174530
1.204704
1.223976
1.240071
1.245830
1.251578
1.265136
1.272951
1.274286
1.281178
1.282531
1.288843
1.293375
1.295629
1.303823
1.324674
1.326983
1.328652
1.333099
1.337484
1.343436
1.346002
1.353534
1.354854
1.354970
1.357545
1.358864
1.362607
1.368322
1.375957
1.378260
1.387408
1.397108
1.399416
1.400066
1.402359
1.408846
1.416393
1.418387
1.418946
1.423244
1.431110
1.433589
1.434211
1.443099
1.453421
1.467098
1.469828
1.478881
1.480537
1.482217
1.487416
1.493533
1.499290
1.513614
1.524220
1.525945
1.528340
1.534706
1.540627
1.541368
1.543643
1.549942
1.551854
1.553507
1.553841
1.561865
1.569563
1.574227
1.580029
1.585173
1.589903
1.591549
1.593307
1.594920
1.595994
1.598605
1.600248
1.602077
1.616235
1.619718
1.622835
1.631819
1.639678
1.642461
1.649359
1.651536
1.663094
1.666735
1.669212
1.677720
1.688388
1.692837
1.700500
1.712376
1.717058
1.725071
1.727615
1.737047
1.739658
1.747606
1.754463
1.758760
1.766834
1.775132
1.778106
1.790413
1.795481
1.800262
1.807113
1.811011
1.814356
1.823478
1.828642
1.840674
1.847694
1.851945
1.858512
1.861934
1.866120
1.874714
1.887175
1.891799
1.900913
1.912686
1.915505
1.925045
1.928349
1.937441
1.940599
1.959131
1.967183
1.981959
1.985353
1.990208
1.995388
2.007738
2.011436
2.012946
2.016768
2.018520
2.028342
2.035231
2.037812
2.040389
2.046794
2.050066
2.053416
2.055894
2.057721
2.068231
2.069606
2.070923
2.072269
2.073110
2.080765
2.083618
2.088487
2.091615
2.097110
2.103335
2.108300
2.118763
2.129472
2.139048
2.148389
2.161497
2.165692
2.176209
2.185044
2.186974
2.196468
2.198275
2.202227
2.204728
2.206491
2.213482
2.216045
2.217698
2.218640
2.228098
2.233095
2.239316
2.245903
2.258026
2.260406
2.262202
2.265285
2.275701
2.276654
2.287017
2.289068
2.299034
2.308672
2.314231
2.320590
2.336942
2.343750
2.346347
2.354084
2.357627
2.359693
2.362546
2.380088
2.385870
2.389478
2.391357
2.399344
2.407303
2.409117
2.412818
2.417402
2.420061
2.422550
2.424330
2.433989
2.435667
2.439041
2.441544
2.443914
2.446573
2.454330
2.457593
2.459916
2.460876
2.464327
2.475202
2.479053
2.482360
2.484673
2.489922
2.491036
2.494756
2.496984
2.501169
2.509824
2.512065
2.519557
2.522719
2.532255
2.534495
2.536289
2.545160
2.547291
2.549505
2.556226
2.565039
2.567232
2.573736
2.585074
2.594131
2.597090
2.598783
2.607090
2.613309
2.620038
2.627528
2.634043
2.636215
2.649517
2.652823
2.661966
2.662349
2.674008
2.676033
2.676267
2.677582
2.685694
2.697483
2.705572
2.709272
2.711126
2.712422
2.713984
2.718571
2.725512
2.733237
2.747394
2.750473
2.755919
2.765140
2.767936
2.772083
2.774273
2.782318
2.784639
2.786604
2.789321
2.805540
2.807404
2.810994
2.813642
2.815603
2.821491
2.829907
2.831254
2.832605
2.836505
2.843487
2.844391
2.846204
2.855695
2.857034
2.858135
2.862968
2.865042
2.866637
2.874949
2.885147
2.888108
2.890131
2.893371
2.894754
2.899671
2.912977
2.922688
2.925096
2.927255
2.929608
2.931875
2.934083
2.942456
2.952191
2.953499
2.962813
2.967502
2.979597
2.987916
2.990866
2.997411
3.000215
3.001918
3.003976
3.006685
3.008876
3.011091
3.012531
3.023006
3.024547
3.025124
3.026647
3.030059
3.036958
3.043649
3.044663
3.048553
3.057928
3.066863
3.069411
3.071182
3.078123
3.085316
3.090208
3.092002
3.095010
3.095968
3.100726
3.109692
3.113222
3.117723
3.123574
3.133661
3.134592
3.138823
3.152714
3.160022
3.163633
3.182700
3.194631
3.197165
3.210519
3.212968
3.215712
3.217533
3.235788
3.237529
3.240237
3.242068
3.248408
3.263229
3.282257
3.289400
3.291689
3.293908
3.294332
3.298456
3.305899
3.308257
3.309070
3.310180
3.327320
3.332512
3.336661
3.338901
3.340014
3.341223
3.345642
3.348557
3.351161
3.353407
3.355548
3.357878
3.358630
3.362608
3.365008
3.368037
3.373978
3.375468
3.376910
3.378372
3.379871
3.381275
3.386127
3.387531
3.390150
3.391561
3.392253
3.394412
3.398118
3.405759
3.406572
3.408421
3.410602
3.419381
3.420354
3.429855
3.431709
3.433146
3.439746
3.441932
3.443442
3.444892
3.446626
3.459698
3.462758
3.464382
3.466056
3.467734
3.469604
3.475719
3.477471
3.479130
3.488193
3.496161
3.499241
3.504372
3.516991
3.523396
3.524805
3.533626
3.541523
3.544353
3.550045
3.555254
3.558635
3.565657
3.572837
3.574510
3.579193
3.580810
3.584300
3.587690
3.592528
3.600250
3.601906
3.608315
3.609140
3.617463
3.618754
3.629156
3.638687
3.640431
3.641314
3.643331
3.655143
3.658225
3.660414
3.661489
3.670415
3.687986
3.690396
3.693057
3.717282
3.725449
3.730317
3.732170
3.735499
3.738147
3.738715
3.750247
3.753807
3.756248
3.771075
3.779703
3.781438
3.785474
3.794092
3.802253
3.810827
3.818621
3.833981
3.844871
3.856013
3.863641
3.865540
3.874021
3.883419
3.885826
3.893333
3.898085
3.900120
3.900994
3.903386
3.905035
3.913299
3.914934
3.916878
3.918526
3.921391
3.928435
3.932081
3.935444
3.937909
3.939688
3.947973
3.949997
3.951661
3.960070
3.960955
3.963386
3.965008
3.966690
3.973765
3.980252
3.983136
3.984476
3.985794
3.987123
3.988449
3.997690
4.000779
4.001682
4.003482
4.015604
4.019893
4.020800
4.022844
4.029631
4.031519
4.032399
4.034474
4.035190
4.037169
4.046380
4.072049
4.078058
4.082213
4.085674
4.094184
4.101966
4.103969
4.112702
4.118181
4.119995
4.120906
4.122780
4.129340
4.130689
4.136248
4.139387
4.140738
4.145939
4.147346
4.151212
4.155421
4.162540
4.164129
4.166020
4.170593
4.181078
4.187595
4.193978
4.198236
4.205101
4.206923
4.208820
4.222117
4.230556
4.245821
4.249757
4.261015
4.263759
4.266567
4.268783
4.270993
4.272655
4.290006
4.299407
4.303768
4.308242
4.310750
4.312722
4.331205
4.339756
4.342450
4.344248
4.353870
4.366235
4.370652
4.375823
4.378566
4.380358
4.403497
4.406425
4.408209
4.410933
4.426933
4.433885
4.434198
4.441799
4.444108
4.446371
4.448051
4.450763
4.452973
4.454189
4.461647
4.480425
4.489323
4.493987
4.497265
4.498590
4.499993
4.504727
4.505782
4.507974
4.509310
4.510187
4.514830
4.521185
4.526055
4.538007
4.547161
4.557023
4.559660
4.560993
4.563105
4.575351
4.592254
4.606752
4.607561
4.635427
4.636722
4.655342
4.669589
4.680091
4.691603
4.722731
4.726068
4.737984
4.749440
4.755995
4.758220
4.758947
4.762609
4.764425
4.765050
4.766616
4.768466
4.769781
4.774150
4.775234
4.777323
4.778233
4.780063
4.784539
4.793211
4.797819
4.799135
4.799999
4.801900
4.804753
4.806553
4.807401
4.812593
4.814690
4.816394
4.817222
4.819081
4.826822
4.834217
4.836578
4.837788
4.845829
4.848350
4.852568
4.858585
4.861997
4.872847
4.879677
4.887277
4.897555
4.899999
4.902226
4.906165
4.917714
4.923014
4.925823
4.928331
4.948078
4.961298
4.971361
4.981638
4.983729
4.988624
4.995075
4.998004
5.007381
5.009219
5.020028
5.028671
5.033857
5.040092
5.048488
5.049497
5.058627
5.066859
5.069101
5.071321
5.079368
5.082386
5.084575
5.097221
5.100070
5.101848
5.104604
5.126647
5.141205
5.155254
5.162526
5.164240
5.169217
5.174018
5.180699
5.183385
5.188359
5.192394
5.198045
5.203137
5.205687
5.213794
5.220681
5.222889
5.225180
5.227368
5.229535
5.231815
5.234038
5.238568
5.242045
5.246143
5.252989
5.257373
5.259210
5.260540
5.261899
5.269481
5.273357
5.279033
5.280967
5.283272
5.286790
5.287413
5.291370
5.292891
5.298328
5.303776
5.307511
5.312172
5.318881
5.330100
5.340013
5.342553
5.343905
5.352421
5.357356
5.366707
5.368152
5.375636
5.377053
5.378382
5.379754
5.380401
5.382445
5.385921
5.387293
5.391325
5.399857
5.401552
5.402851
5.408903
5.410275
5.416195
5.417544
5.427102
5.431536
5.438051
5.445917
5.448102
5.449504
5.450867
5.452212
5.452843
5.454936
5.459218
5.464430
5.465829
5.466444
5.468536
5.469891
5.471275
5.485363
5.492588
5.493933
5.498091
5.508034
5.509367
5.513015
5.516297
5.518301
5.519660
5.521050
5.522404
5.523027
5.528851
5.531002
5.535355
5.540983
5.541625
5.546972
5.555521
5.557196
5.561148
5.562538
5.567724
5.575019
5.577174
5.581310
5.583632
5.585608
5.589963
5.592113
5.602214
5.605112
5.617349
5.624421
5.629293
5.632671
5.639302
5.643575
5.651697
5.661133
5.663663
5.666254
5.671498
5.677271
5.683157
5.684900
5.692994
5.696229
5.696423
5.707237
5.719851
5.727258
5.733033
5.735808
5.738561
5.741408
5.744059
5.755270
5.774666
5.783726
5.787735
5.790708
5.798967
5.803393
5.813696
5.816038
5.820848
5.829436
5.842803
5.849460
5.856658
5.864701
5.867418
5.873393
5.876957
5.878831
5.888080
5.889863
5.891625
5.906163
5.908563
5.910390
5.920182
5.923071
5.926131
5.928350
5.930459
5.932305
5.933288
5.935811
5.948107
5.953516
5.965568
5.973543
5.984670
5.986729
5.990290
5.998650
6.001633
6.007247
6.010947
6.019984
6.025174
6.035942
6.043858
6.045952
6.048077
6.050185
6.050883
6.064667
6.073578
6.076908
6.085931
6.089744
6.091950
6.094105
6.095950
6.097303
6.103228
6.111317
6.112328
6.115014
6.116648
6.121890
6.124750
6.131514
6.132840
6.134557
6.141539
6.148080
6.151757
6.159959
6.161329
6.161949
6.164040
6.168515
6.170348
6.171718
6.178179
6.186420
6.188259
6.189359
6.191487
6.192851
6.197621
6.201004
6.202332
6.203769
6.205101
6.206455
6.210533
6.216085
6.218334
6.219243
6.221402
6.228504
6.231005
6.232353
6.244622
6.247576
6.249595
6.250729
6.252759
6.254111
6.255732
6.262918
6.263528
6.270130
6.280347
6.286724
6.299364
6.305287
6.306719
6.310791
6.318988
6.335164
6.341388
6.348391
6.351649
6.356264
6.361466
6.367418
6.377044
6.379313
6.381536
6.383784
6.384590
6.393651
6.400174
6.406247
6.411666
6.413938
6.416128
6.422514
6.425173
6.433030
6.438155
6.445236
6.447893
6.451591
6.453836
6.454079
6.461174
6.469819
6.479627
6.482055
6.483854
6.485712
6.487341
6.488701
6.489337
6.498703
6.509951
6.518311
6.520082
6.527686
6.529025
6.530646
6.532017
6.537388
6.544421
6.546282
6.547666
6.548273
6.553216
6.555111
6.555755
6.557884
6.559206
6.560612
6.570774
6.572179
6.573536
6.581327
6.588950
6.592685
6.594973
6.597970
6.599317
6.604983
6.609240
6.610642
6.615960
6.623087
6.625353
6.627642
6.629897
6.642258
6.658578
6.665602
6.667378
6.670917
6.676537
6.686090
6.688537
6.690689
6.698998
6.703543
6.707464
6.710204
6.716542
6.723537
6.725152
6.729259
6.733392
6.736673
6.738515
6.740291
6.745048
6.756931
6.764469
6.765612
6.768427
6.776292
6.780827
6.782670
6.784495
6.785889
6.794136
6.795479
6.797549
6.804976
6.813522
6.819165
6.827766
6.830742
6.833071
6.839306
6.842218
6.844487
6.851462
6.853913
6.858778
6.864687
6.872846
6.876399
6.882636
6.885449
6.891718
6.909455
6.933813
6.963303
6.978749
6.987269
6.988058
6.994251
7.000065
7.006134
7.008829
7.009960
7.020198
7.028631
7.042930
7.053315
7.064204
7.066903
7.068090
7.076509
7.077433
7.083986
7.086201
7.087059
7.100559
7.110490
7.113082
7.114277
7.123919
7.126604
7.129374
7.131998
7.141479
7.143960
7.148944
7.158620
7.161315
7.170180
7.173800
7.181116
7.183096
7.185004
7.187125
7.188786
7.194874
7.200125
7.201082
7.203803
7.205466
7.219267
7.224853
7.225772
7.228238
7.229969
7.231237
7.236616
7.241479
7.243543
7.245572
7.252746
7.254347
7.255933
7.258432
7.268024
7.269466
7.281893
7.286582
7.288923
7.297833
7.300073
7.304552
7.307964
7.310264
7.317333
7.325656
7.334707
7.337723
7.339974
7.342262
7.347052
7.352991
7.363596
7.369415
7.372825
7.377198
7.379107
7.386670
7.391334
7.397886
7.407155
7.411663
7.413864
7.415745
7.423397
7.425853
7.433249
7.436624
7.443864
7.449498
7.450875
7.451527
7.457005
7.458779
7.461215
7.463087
7.463942
7.466070
7.467449
7.472410
7.486273
7.491422
7.493251
7.499852
7.510637
7.515235
7.523819
7.524855
7.533358
7.543053
7.555339
7.563257
7.570795
7.571508
7.575230
7.581128
7.586223
7.592209
7.595343
7.597654
7.599878
7.615674
7.624761
7.625918
7.627026
7.633847
7.635765
7.644212
7.650164
7.661349
7.663540
7.664420
7.668114
7.673594
7.676818
7.691262
7.693071
7.709835
7.713305
7.716116
7.718762
7.719835
7.723537
7.725769
7.728127
7.734126
7.736344
7.737947
7.739627
7.743799
7.746265
7.755298
7.757174
7.759037
7.760430
7.761052
7.763219
7.766383
7.778036
7.779392
7.781261
7.785053
7.790956
7.798778
7.803761
7.805097
7.806478
7.807827
7.822305
7.840241
7.842008
7.844817
7.845651
7.852521
7.859739
7.863471
7.869034
7.871361
7.872998
7.874349
7.875740
7.876375
7.882818
7.884647
7.890493
7.892283
7.898720
7.901528
7.902890
7.904331
7.905761
7.908790
7.914647
7.922253
7.927175
7.934968
7.936854
7.937462
7.939600
7.940943
7.942303
7.943677
7.948467
7.949832
7.953838
7.955412
7.956165
7.958198
7.959530
7.964542
7.969499
7.970834
7.973156
7.977635
7.978980
7.986942
7.993273
7.999873
8.002367
8.010067
8.015737
8.018434
8.020272
8.021641
8.023288
8.024680
8.031678
8.033402
8.034018
8.036417
8.037947
8.045247
8.047447
8.048793
8.050169
8.051745
8.052789
8.054972
8.058691
8.060327
8.061832
8.063164
8.064583
8.065977
8.067322
8.067939
8.069338
8.070992
8.076361
8.078203
8.080208
8.081292
8.083485
8.084134
8.089636
8.095868
8.097382
8.098958
8.106110
8.110393
8.115400
8.116743
8.118120
8.124957
8.126467
8.128262
8.128929
8.131062
8.132262
8.133163
8.134028
8.134879
8.143486
8.145450
8.146850
8.147456
8.154462
8.156576
8.160787
8.162865
8.163467
8.165619
8.166953
8.168357
8.172442
8.174810
8.176547
8.177570
8.179712
8.181023
8.182488
8.183837
8.184435
8.186517
8.187870
8.189213
8.190561
8.191128
8.193221
8.194580
8.199223
8.202295
8.208320
8.210143
8.214241
8.221810
8.223380
8.224899
8.230496
8.238840
8.247817
8.255155
8.257692
8.263956
8.266035
8.267893
8.272588
8.274790
8.276124
8.281909
8.283282
8.285274
8.286646
8.288064
8.289403
8.290012
8.297742
8.300445
8.301798
8.303197
8.304515
8.305131
8.307277
8.316592
8.319760
8.321620
8.323470
8.329386
8.334099
8.336777
8.339098
8.346040
8.346658
8.348343
8.349735
8.351899
8.353290
8.354793
8.356176
8.357080
8.358964
8.359599
8.362294
8.363680
8.364652
8.365785
8.367976
8.375533
8.383446
8.384886
8.391312
8.393615
8.395839
8.397671
8.399093
8.406507
8.412540
8.418213
8.421950
8.424368
8.432935
8.434882
8.436698
8.438648
8.439548
8.443601
8.446694
8.448086
8.452725
8.459366
8.461354
8.463218
8.476589
8.480087
8.482414
8.484246
8.490896
8.496716
8.498770
8.500542
8.509611
8.512370
8.519018
8.526420
8.532614
8.535085
8.542028
8.544560
8.547091
8.548852
8.549816
8.558566
8.560987
8.562691
8.563619
8.566097
8.574973
8.577774
8.584788
8.588143
8.592071
8.596045
8.602105
8.603784
8.605525
8.611861
8.617979
8.622331
8.625103
8.626777
8.627794
8.630417
8.632132
8.637199
8.639418
8.647862
8.650692
8.655372
8.659968
8.661368
8.663207
8.668815
8.672361
8.675865
8.677771
8.679609
8.680633
8.685089
8.691668
8.693671
8.697466
8.698329
8.702428
8.703063
8.705014
8.705573
8.707054
8.711557
8.712141
8.717145
8.718274
8.729092
8.731321
8.732391
8.734491
8.736148
8.742629
8.744696
8.753245
8.756227
8.757294
8.758377
8.759480
8.764151
8.766389
8.772871
8.776464
8.780478
8.783547
8.784433
8.784913
8.786500
8.787434
8.788905
8.794769
8.803727
8.808408
8.809996
8.811551
8.817384
8.820858
8.821919
8.827786
8.831281
8.834823
8.835898
8.836939
8.837539
8.842461
8.847163
8.848236
8.849303
8.850415
8.853325
8.856889
8.858917
8.859963
8.861075
8.866922
8.868008
8.869559
8.870610
8.871771
8.872395
8.880372
8.890615
8.900741
8.908798
8.918989
8.920233
8.921292
8.922070
8.922986
8.927848
8.933723
8.935308
8.936406
8.937999
8.946486
8.947541
8.948591
8.957170
8.958720
8.960525
8.963076
8.971036
8.972324
8.973387
8.974679
8.975746
8.976803
8.977355
8.982029
8.983337
8.989768
8.991053
8.992115
9.002401
9.010048
9.011700
9.012798
9.014580
9.015661
9.016696
9.017295
9.018859
9.025386
9.026586
9.027637
9.034312
9.039332
9.041741
9.042345
9.044343
9.051507
9.053085
9.054685
9.062536
9.076243
9.080456
9.083357
9.086157
9.088455
9.099422
9.101731
9.104028
9.109600
9.110801
9.113717
9.124961
9.127501
9.135867
9.138582
9.140800
9.141542
9.150128
9.158937
9.161172
9.167673
9.171270
9.178780
9.181023
9.183820
9.184040
9.187983
9.189412
9.193383
9.199457
9.207077
9.207750
9.210081
9.213655
9.221186
9.226683
9.228853
9.236483
9.237265
9.243872
9.247545
9.249825
9.252087
9.254341
9.256614
9.267493
9.275164
9.279969
9.285780
9.288271
9.292078
9.293419
9.296623
9.298969
9.305634
9.307930
9.310174
9.315385
9.319692
9.334141
9.336419
9.344661
9.348081
9.350336
9.356407
9.357115
9.360705
9.367198
9.369980
9.372501
9.373214
9.381691
9.384824
9.389484
9.392958
9.397444
9.403664
9.412488
9.419242
9.429324
9.432040
9.433837
