0.002429
0.008821
0.010742
0.022959
0.025015
0.026906
0.035226
0.037171
0.038140
0.039866
0.041124
0.041904
0.043423
0.044603
0.045833
0.046999
0.048230
0.049470
0.054480
0.062299
0.070708
0.073290
0.074592
0.075808
0.076985
0.078092
0.081409
0.083166
0.085395
0.087052
0.088560
0.089755
0.090675
0.091632
0.092221
0.100256
0.101678
0.103076
0.104558
0.105574
0.106501
0.107430
0.108286
0.109111
0.109170
0.110675
0.111417
0.112189
0.113107
0.113167
0.114383
0.115934
0.116354
0.117745
0.118207
0.119717
0.120154
0.121536
0.122435
0.126453
0.127513
0.130005
0.130642
0.132547
0.134518
0.135999
0.136620
0.151025
0.152565
0.153861
0.154900
0.160550
0.161973
0.163617
0.165059
0.165631
0.167159
0.168158
0.169185
0.171857
0.177145
0.177791
0.180236
0.180979
0.181984
0.183496
0.184006
0.189462
0.192048
0.194025
0.195547
0.200376
0.201916
0.203852
0.204436
0.206670
0.213752
0.214740
0.216786
0.218277
0.219282
0.219842
0.221403
0.222418
0.227899
0.228449
0.230456
0.231758
0.240563
0.241979
0.244010
0.245506
0.246115
0.247662
0.248239
0.249752
0.257594
0.259068
0.260126
0.261810
0.263377
0.264429
0.264981
0.266065
0.272373
0.274215
0.275716
0.277014
0.278842
0.279901
0.280959
0.281038
0.283122
0.284186
0.285212
0.285855
0.290781
0.294252
0.296180
0.297736
0.298752
0.303633
0.304729
0.306775
0.308322
0.309869
0.311032
0.313006
0.314265
0.318182
0.320204
0.321748
0.323270
0.323880
0.325395
0.326455
0.327026
0.328061
0.329613
0.330666
0.331209
0.332251
0.333804
0.334844
0.334933
0.341470
0.343069
0.344599
0.345869
0.352807
0.354324
0.356248
0.356416
0.359365
0.360835
0.362349
0.363361
0.365314
0.366340
0.367372
0.367905
0.373258
0.376170
0.376348
0.379285
0.379922
0.382553
0.382682
0.385776
0.386380
0.388198
0.389248
0.390308
0.390859
0.392396
0.392969
0.394521
0.397293
0.412823
0.417168
0.418325
0.420808
0.425208
0.426234
0.428204
0.429559
0.430869
0.431935
0.432477
0.434021
0.434106
0.436109
0.437160
0.438228
0.442062
0.444671
0.446636
0.448467
0.449951
0.451277
0.452807
0.454309
0.458735
0.466662
0.477849
0.481302
0.487295
0.499061
0.502928
0.505094
0.506878
0.508334
0.509690
0.511079
0.512339
0.513622
0.519589
0.520167
0.521817
0.522892
0.522979
0.525003
0.525966
0.526939
0.527930
0.528544
0.530518
0.531634
0.532578
0.533196
0.533992
0.535349
0.536251
0.536808
0.537761
0.539375
0.540401
0.540954
0.542518
0.548878
0.550600
0.551661
0.553735
0.561122
0.562265
0.563278
0.563892
0.565033
0.566421
0.567466
0.568509
0.575114
0.577878
0.579384
0.579994
0.582505
0.587325
0.589723
0.591738
0.593491
0.594520
0.595044
0.596118
0.597613
0.598621
0.599146
0.600202
0.601731
0.602744
0.603809
0.604391
0.605888
0.610312
0.613512
0.615090
0.616801
0.617724
0.619805
0.621404
0.622894
0.629488
0.633594
0.634691
0.637110
0.638533
0.640668
0.641344
0.643885
0.644483
0.645563
0.646932
0.647959
0.648532
0.650404
0.651478
0.652542
0.655999
0.659305
0.660816
0.662522
0.663311
0.664907
0.665932
0.666978
0.667572
0.669063
0.670107
0.671155
0.671753
0.677558
0.679756
0.681296
0.682861
0.688337
0.690010
0.691964
0.693648
0.695176
0.696239
0.698272
0.699842
0.704247
0.705062
0.707124
0.708696
0.710216
0.710388
0.713440
0.714075
0.716271
0.716796
0.718328
0.719389
0.720415
0.721473
0.722536
0.723579
0.724180
0.725731
0.726301
0.727834
0.731341
0.732894
0.733943
0.735971
0.736567
0.738330
0.738860
0.740382
0.741444
0.742469
0.743542
0.744087
0.745578
0.746615
0.747648
0.748647
0.749675
0.758785
0.765610
0.767568
0.768636
0.770497
0.771525
0.772551
0.773599
0.774648
0.775662
0.776679
0.777710
0.778717
0.779755
0.780779
0.781812
0.796735
0.798231
0.800980
0.802536
0.808465
0.810233
0.811734
0.812731
0.815176
0.818022
0.820983
0.823714
0.826287
0.828470
0.830292
0.833361
0.834023
0.835723
0.836925
0.838244
0.839491
0.840749
0.842058
0.845024
0.849102
0.859380
0.861216
0.862906
0.864611
0.865904
0.867119
0.868373
0.869615
0.875324
0.883802
0.888291
0.889578
0.890512
0.891422
0.892357
0.892893
0.894179
0.895115
0.896049
0.896986
0.897394
0.898271
0.899451
0.900226
0.901027
0.901444
0.902876
0.904121
0.904522
0.906137
0.907030
0.907538
0.908325
0.909899
0.910452
0.911126
0.912697
0.919228
0.920696
0.922195
0.923758
0.924793
0.925805
0.926394
0.927950
0.933992
0.935435
0.936442
0.938437
0.939546
0.940133
0.941655
0.942228
0.943766
0.944323
0.945858
0.946454
0.950912
0.952341
0.953868
0.955696
0.956770
0.957796
0.958834
0.958928
0.960916
0.961976
0.963020
0.963091
0.968938
0.972193
0.973708
0.974750
0.979759
0.983110
0.984551
0.986081
0.986844
0.988461
0.989493
0.990573
0.998569
1.015630
1.018530
1.023745
1.028955
1.031284
1.033144
1.037502
1.042844
1.047545
1.049361
1.051045
1.052558
1.054067
1.055079
1.057144
1.058946
1.060080
1.061113
1.062180
1.063312
1.064349
1.065413
1.066472
1.076328
1.080045
1.083294
1.084763
1.086424
1.089655
1.091807
1.092899
1.095787
1.096406
1.098358
1.100381
1.101927
1.103319
1.104263
1.105593
1.106742
1.107772
1.108950
1.110027
1.111060
1.112125
1.113185
1.114246
1.114797
1.116353
1.117458
1.118660
1.119902
1.123065
1.126067
1.129700
1.135465
1.137396
1.138402
1.139472
1.140535
1.141554
1.142596
1.143605
1.144166
1.145459
1.146457
1.147554
1.148522
1.149513
1.161108
1.164613
1.166449
1.167432
1.169572
1.170575
1.170663
1.172708
1.177441
1.178491
1.179535
1.181054
1.182093
1.183114
1.183648
1.185199
1.196667
1.203848
1.206594
1.208437
1.216395
1.218562
1.219600
1.220677
1.221611
1.222801
1.223843
1.224884
1.225910
1.228831
1.230357
1.232006
1.233543
1.244018
1.248893
1.252284
1.255008
1.256945
1.260174
1.262267
1.265781
1.268578
1.270535
1.273603
1.280131
1.283200
1.288298
1.290633
1.292400
1.296775
1.299315
1.301286
1.302989
1.308351
1.310554
1.312445
1.313579
1.314335
1.315753
1.320214
1.321607
1.322958
1.324365
1.325072
1.327297
1.328088
1.328847
1.329780
1.330567
1.334417
1.335426
1.336369
1.337651
1.338835
1.340006
1.340912
1.341748
1.342655
1.343554
1.344672
1.345351
1.346244
1.347593
1.348604
1.349711
1.357943
1.365335
1.367059
1.368149
1.369252
1.370275
1.371292
1.371858
1.373343
1.378600
1.384970
1.387425
1.388036
1.397350
1.398671
1.400279
1.401843
1.403111
1.404180
1.404737
1.405807
1.407307
1.408328
1.408852
1.410408
1.414160
1.416096
1.418652
1.419237
1.424889
1.427029
1.430013
1.431393
1.434071
1.435597
1.436685
1.438855
1.440261
1.444576
1.447279
1.449078
1.450680
1.451751
1.452801
1.453851
1.454870
1.454959
1.457034
1.458054
1.459096
1.460203
1.461277
1.462337
1.462911
1.464459
1.465528
1.466562
1.466637
1.470919
1.474000
1.475263
1.476267
1.479882
1.483153
1.485635
1.486400
1.488587
1.489659
1.490207
1.495931
1.499639
1.505065
1.507302
1.510735
1.513154
1.514788
1.517619
1.519858
1.524749
1.526816
1.530028
1.531697
1.532896
1.533921
1.534983
1.536023
1.536601
1.548126
1.550179
1.551634
1.553066
1.554114
1.555184
1.556236
1.557263
1.562716
1.564241
1.565853
1.566877
1.568386
1.569453
1.570503
1.571053
1.572600
1.573658
1.574662
1.575226
1.576775
1.577832
1.578867
1.579921
1.587872
1.589962
1.592013
1.594025
1.596215
1.597767
1.599373
1.600969
1.602272
1.603325
1.604360
1.605389
1.606411
1.607441
1.608016
1.609518
1.610546
1.615199
1.617625
1.618256
1.630662
1.631701
1.633195
1.634261
1.635300
1.635907
1.637429
1.638479
1.639507
1.644090
1.646174
1.647725
1.649312
1.651950
1.679096
1.711771
1.736337
1.747905
1.750620
1.753186
1.756411
1.758272
1.759043
1.761885
1.768872
1.776622
1.781030
1.789809
1.793033
1.796309
1.798316
1.799559
1.800821
1.802046
1.803238
1.810392
1.814304
1.817036
1.819520
1.820978
1.822213
1.822852
1.824169
1.825086
1.826223
1.827091
1.828146
1.829215
1.830115
1.830990
1.831416
1.832559
1.833324
1.834170
1.835002
1.835470
1.836854
1.837611
1.838479
1.839015
1.840305
1.841228
1.842109
1.842615
1.844100
1.845034
1.854244
1.857702
1.866585
1.869866
1.879192
1.881469
1.884538
1.886946
1.889053
1.891271
1.892500
1.894335
1.898869
1.902061
1.903899
1.905783
1.911376
1.914540
1.916921
1.918712
1.920367
1.920996
1.923044
1.924413
1.925299
1.927161
1.928521
1.929909
1.930745
1.936839
1.938599
1.940673
1.941666
1.953705
1.955616
1.958586
1.959803
1.962306
1.963887
1.965390
1.966443
1.968033
1.969094
1.970156
1.970690
1.974373
1.975007
1.977421
1.978056
1.980271
1.981317
1.982380
1.983450
1.984479
1.985562
1.986148
1.987666
1.988710
1.989776
1.990325
1.991889
2.001618
2.008472
2.011188
2.017188
2.021101
2.026981
2.033088
2.034834
2.037639
2.046129
2.048824
2.050592
2.053360
2.055598
2.057443
2.058802
2.060163
2.069521
2.070869
2.073156
2.074932
2.083667
2.086051
2.087840
2.089649
2.091040
2.092368
2.093251
2.095073
2.096359
2.097709
2.098584
2.100399
2.105555
2.108303
2.109025
2.117415
2.130376
2.156019
2.160143
2.163877
2.166643
2.168769
2.170076
2.170641
2.179695
2.199804
2.201388
2.203884
2.206367
2.210304
2.212541
2.214818
2.217139
2.218841
2.221733
2.223978
2.224659
2.227769
2.230655
2.232845
2.235131
2.247141
2.249105
2.251114
2.253178
2.254838
2.255511
2.258041
2.258688
2.260990
2.262030
2.263074
2.263648
2.269172
2.271522
2.272621
2.275088
2.276364
2.277445
2.278466
2.279508
2.283904
2.285881
2.287485
2.289000
2.289773
2.291382
2.292432
2.293458
2.294009
2.295571
2.296592
2.297167
2.298801
2.299369
2.300924
2.301481
2.303063
2.314364
2.316371
2.318599
2.324153
2.326935
2.328416
2.329902
2.331370
2.340688
2.347375
2.350127
2.353253
2.355077
2.356345
2.357421
2.358616
2.360439
2.362720
2.363981
2.365508
2.366132
2.367494
2.368380
2.368805
2.369223
2.369966
2.370429
2.370824
2.371223
2.371269
2.372030
2.372427
2.372820
2.372916
2.374274
2.374658
2.379706
2.381257
2.382673
2.383807
2.384938
2.385660
2.387162
2.388189
2.389224
2.394005
2.395230
2.397808
2.399338
2.401039
2.401711
2.404250
2.405390
2.410544
2.412114
2.412246
2.415455
2.417094
2.418417
2.420040
2.421645
2.422990
2.424039
2.425079
2.425845
2.427360
2.428396
2.429428
2.430005
2.431525
2.432548
2.433591
2.439107
2.442559
2.444309
2.444469
2.447445
2.448737
2.449787
2.450315
2.451854
2.452868
2.453889
2.454913
2.455927
2.456959
2.463184
2.463779
2.466241
2.466824
2.473096
2.475682
2.477093
2.478166
2.479727
2.480739
2.481773
2.482821
2.483827
2.484863
2.485450
2.491007
2.496032
2.497306
2.499348
2.499960
2.507876
2.508922
2.511161
2.512146
2.524962
2.528252
2.532886
2.536174
2.538831
2.539484
2.541872
2.544832
2.546605
2.547936
2.548541
2.550182
2.551975
2.552503
2.553017
2.553575
2.557575
2.567373
2.570334
2.572552
2.573728
2.577209
2.579481
2.581214
2.584004
2.584558
2.586634
2.587488
2.593351
2.598269
2.600093
2.601517
2.603997
2.605879
2.607800
2.609674
2.611367
2.612749
2.613370
2.615284
2.616356
2.617405
2.617937
2.619494
2.620543
2.625680
2.627166
2.628633
2.629922
2.630732
2.632236
2.633266
2.634302
2.634861
2.636368
2.637414
2.638664
2.645831
2.650254
2.653126
2.654248
2.659962
2.661474
2.662521
2.663098
2.664810
2.665367
2.666901
2.667423
2.668993
2.670036
2.671075
2.672174
2.673205
2.678366
2.680312
2.681867
2.683460
2.690395
2.693817
2.696355
2.698350
2.699384
2.700449
2.701102
2.702113
2.703683
2.705464
2.706012
2.706544
2.707060
2.710537
2.712053
2.712615
2.713208
2.713889
2.714521
2.715176
2.715889
2.716750
2.717487
2.718225
2.727675
2.736181
2.739018
2.742051
2.743968
2.745508
2.747108
2.748880
2.750407
2.759219
2.762198
2.762781
2.763055
2.763850
2.767757
2.771494
2.773353
2.774274
2.782979
2.785326
2.786907
2.788011
2.788818
2.790119
2.791013
2.793550
2.795680
2.796679
2.798526
2.799821
2.800761
2.801663
2.802560
2.803481
2.804357
2.804870
2.806270
2.807172
2.808079
2.808499
2.809887
2.815607
2.818952
2.820426
2.821824
2.822971
2.823533
2.825114
2.826134
2.826737
2.828315
2.829348
2.830408
2.831476
2.832508
2.833574
2.834635
2.837194
2.847804
2.848027
2.851243
2.852558
2.854872
2.856390
2.857973
2.858998
2.860545
2.861598
2.862609
2.863180
2.864761
2.865782
2.866837
2.867878
2.872807
2.875721
2.876502
2.879087
2.879701
2.881414
2.882457
2.883504
2.884067
2.885592
2.886631
2.894161
2.894714
2.896274
2.897446
2.898496
2.906433
2.908852
2.910389
2.911883
2.912896
2.915071
2.916553
2.918099
2.919448
2.924198
2.925866
2.927452
2.928087
2.930640
2.931273
2.933699
2.934327
2.935814
2.937294
2.938334
2.938890
2.939956
2.941459
2.942490
2.943019
2.944571
2.945590
2.946617
2.947168
2.952085
2.953810
2.955456
2.963277
2.969148
2.970332
2.971352
2.971949
2.981871
2.984342
2.987667
2.989397
2.992894
2.994276
2.995601
2.996212
3.002754
3.007947
3.011043
3.012992
3.014530
3.015859
3.016445
3.018502
3.019847
3.028019
3.029927
3.030135
3.033527
3.034113
3.036250
3.043597
3.044948
3.049947
3.050988
3.053573
3.058268
3.061118
3.062469
3.063833
3.065140
3.065751
3.067915
3.069214
3.070630
3.071937
3.072489
3.075978
3.077477
3.094694
3.096958
3.098038
3.100748
3.102675
3.103924
3.105457
3.106937
3.107828
3.109333
3.110359
3.110897
3.111904
3.113386
3.114393
3.114956
3.117566
3.121771
3.123838
3.125387
3.127082
3.128161
3.129194
3.132169
3.134495
3.135255
3.136799
3.138168
3.140836
3.153549
3.156737
3.158607
3.160188
3.161623
3.163039
3.173498
3.177675
3.180811
3.182400
3.188451
3.190167
3.193438
3.195891
3.197860
3.199655
3.200807
3.201617
3.202390
3.202788
3.204134
3.205065
3.205871
3.206725
3.207120
3.214920
3.216010
3.216468
3.217740
3.218320
3.219617
3.220050
3.221520
3.222385
3.223333
3.223885
3.224957
3.226526
3.227594
3.228128
3.229704
3.232876
3.234444
3.235988
3.240300
3.255700
3.257868
3.259174
3.262379
3.263965
3.265046
3.266998
3.268525
3.269611
3.270179
3.271719
3.272735
3.273806
3.274362
3.275914
3.276979
3.284657
3.286204
3.287726
3.288763
3.289953
3.291762
3.292813
3.293903
3.294990
3.296005
3.297053
3.297631
3.302407
3.304018
3.305587
3.306614
3.312087
3.313679
3.315794
3.316469
3.318851
3.319483
3.320952
3.322031
3.324753
3.330592
3.332069
3.334090
3.335442
3.336484
3.337029
3.338613
3.339640
3.342502
3.344623
3.345225
3.347789
3.348378
3.350912
3.352466
3.354035
3.358367
3.363235
3.365170
3.366780
3.366881
3.368871
3.369923
3.370955
3.371499
3.373086
3.374124
3.375143
3.375682
3.377231
3.378233
3.379295
3.387699
3.389764
3.391897
3.400135
3.401688
3.403204
3.404175
3.406278
3.407873
3.408893
3.409932
3.411000
3.411999
3.418038
3.420540
3.421183
3.424162
3.426159
3.426338
3.429456
3.430047
3.431951
3.433215
3.434244
3.434787
3.436379
3.437394
3.438465
3.439593
3.443674
3.445194
3.452593
3.455236
3.456281
3.457320
3.458451
3.459548
3.469065
3.477553
3.482522
3.491441
3.493149
3.494672
3.496274
3.496836
3.496930
3.500657
3.501721
3.502774
3.503338
3.504910
3.505476
3.507083
3.511279
3.514911
3.516498
3.517560
3.519671
3.521270
3.522892
3.524043
3.526839
3.527539
3.528031
3.528567
3.529083
3.535539
3.537637
3.539925
3.540496
3.543385
3.548670
3.553275
3.554001
3.562870
3.570717
3.573864
3.575272
3.576532
3.580891
3.586686
3.587212
3.600968
3.603086
3.605880
3.607613
3.608818
3.610026
3.611267
3.612548
3.617820
3.623847
3.625574
3.627403
3.628383
3.629300
3.629882
3.630440
3.632125
3.639441
3.640797
3.641883
3.642951
3.644046
3.645260
3.646064
3.646558
3.648264
3.649157
3.650155
3.651140
3.652035
3.652929
3.653367
3.654717
3.661076
3.663496
3.664801
3.665820
3.667998
3.668968
3.671725
3.672703
3.674758
3.675837
3.676876
3.677902
3.678515
3.680015
3.680577
3.682149
3.683166
3.684224
3.684781
3.685878
3.687402
3.688617
3.689673
3.690850
3.694373
3.696166
3.696761
3.699782
3.702968
3.705696
3.707205
3.708766
3.710160
3.711283
3.712662
3.713750
3.714789
3.714890
3.717075
3.718105
3.719183
3.722823
3.725596
3.726212
3.728527
3.734458
3.736398
3.737800
3.740783
3.741853
3.742406
3.743925
3.744985
3.750905
3.751932
3.752952
3.753994
3.755034
3.756050
3.757064
3.757620
3.764480
3.765910
3.767366
3.769051
3.769812
3.772176
3.772888
3.775179
3.780106
3.781104
3.783333
3.784855
3.786159
3.786696
3.788269
3.789290
3.790336
3.791414
3.792447
3.793497
3.794106
3.795624
3.796682
3.797753
3.798313
3.809074
3.810982
3.813356
3.815266
3.816399
3.817477
3.818514
3.819067
3.820077
3.821628
3.822634
3.823694
3.824747
3.825760
3.826806
3.827414
3.837311
3.841134
3.843241
3.845192
3.847083
3.848768
3.850682
3.852731
3.854198
3.854781
3.860224
3.861752
3.862801
3.863693
3.865204
3.866244
3.870513
3.871066
3.872632
3.873668
3.878651
3.881477
3.882529
3.883728
3.885905
3.886476
3.887780
3.889195
3.890226
3.898389
3.899814
3.901372
3.906003
3.908202
3.909251
3.910303
3.910854
3.917174
3.919309
3.923874
3.928849
3.930363
3.931906
3.932924
3.935030
3.937446
3.938983
3.945946
3.948085
3.953580
3.955403
3.957122
3.958714
3.959641
3.961282
3.962502
3.963742
3.965021
3.966278
3.967489
3.972399
3.979102
3.981125
3.982560
3.983566
3.987912
3.995432
3.998433
4.000003
4.001279
4.002018
4.011151
4.012324
4.013933
4.017882
4.022589
4.023530
4.024413
4.025334
4.025886
4.027166
4.028134
4.029168
4.030260
4.030694
4.031889
4.032688
4.033442
4.034283
4.034678
4.039816
4.042307
4.043684
4.045227
4.046338
4.046444
4.047448
4.049048
4.049940
4.050356
4.051763
4.052806
4.057826
4.058874
4.061153
4.062865
4.068584
4.070608
4.072099
4.073785
4.074388
4.076654
4.077285
4.079026
4.080472
4.088145
4.096658
4.100485
4.104344
4.110300
4.113497
4.116696
4.119813
4.122604
4.124629
4.126477
4.128320
4.128943
4.131176
4.132600
4.133978
4.135342
4.135941
4.138033
4.139360
4.140771
4.142094
4.143469
4.144814
4.145428
4.147650
4.153136
4.154253
4.160913
4.163416
4.164925
4.166491
4.167790
4.168850
4.169412
4.171019
4.172067
4.173123
4.173652
4.175237
4.179054
4.183657
4.187065
4.188480
4.189683
4.193884
4.196730
4.198465
4.200099
4.201157
4.202204
4.203254
4.204302
4.204830
4.206436
4.207471
4.208078
4.215292
4.216927
4.218455
4.219997
4.225419
4.227506
4.228992
4.229578
4.237351
4.239806
4.241967
4.246956
4.249465
4.251725
4.254014
4.255404
4.260271
4.262702
4.264516
4.265821
4.268525
4.269616
4.272249
4.274196
4.279275
4.282655
4.283334
4.286389
4.288332
4.289001
4.291830
4.293728
4.293920
4.297049
4.298422
4.299760
4.305110
4.306118
4.308235
4.308975
4.315062
4.316082
4.317119
4.317684
4.319189
4.320229
4.321246
4.321790
4.323372
4.324396
4.324962
4.326001
4.327517
4.333948
4.335502
4.337155
4.337782
4.344622
4.346138
4.347685
4.348838
4.350341
4.351393
4.352430
4.352991
4.354466
4.355489
4.356040
4.357118
4.362063
4.368986
4.370403
